2702 2705
3092 3097
3921 3922
2523 2641
490 506
1648 1765
2061 2179
4299 4381
797 802
3409 3596
909 916
2245 2359
382 390
2642 2765
2711 2832
2453 2560
3315 3514
2520 2639
3342 3343
3977 4127
2885 3018
3099 3266
3392 3400
619 620
2467 2587
3298 3505
358 366
490 498
821 1012
916 1100
1717 1718
1400 1403
2483 2491
3587 3782
2574 2691
3307 3506
2763 2768
999 1006
30 111
2977 3127
785 970
2239 2245
432 601
2475 2483
1656 1780
2146 2269
397 570
4042 4050
697 890
1106 1112
2413 2420
5 64
3993 4001
1949 2065
5 70
3603 3798
2072 2187
2643 2644
800 993
1616 1733
1135 1143
606 611
4213 4323
2175 2284
2499 2611
2595 2726
4384 4388
4080 4217
2827 2959
1826 1937
2890 2891
4064 4210
3180 3352
2170 2399
3742 3743
4396 4400
231 374
1891 2005
0 28
1092 1097
885 891
923 1106
1532 1660
690 891
3024 3168
294 301
2226 2232
3446 3452
104 111
56 146
2953 3092
1447 1580
223 366
3537 3732
3715 3723
641 649
1894 2006
3544 3734
3323 3331
206 349
1866 1989
1534 1539
2087 2194
2490 2498
1282 1423
4 7
1080 1084
4143 4259
1506 1514
4077 4081
58 62
2145 2153
3040 3048
1990 2096
2940 3064
4221 4326
2057 2176
2956 3092
1029 1226
60 157
633 837
6 65
3847 4018
2892 3032
294 450
3257 3260
2332 2445
4071 4072
3170 3349
1151 1290
4325 4329
50 54
90 97
1659 1781
2691 2815
4136 4152
798 991
1997 2003
2525 2642
199 342
3197 3205
154 155
2801 2925
3535 3730
1649 1655
1166 1321
1686 1694
1725 1850
2410 2524
586 777
2924 3048
1506 1648
1250 1254
25 31
2964 3106
3423 3429
4330 4335
3235 3241
606 607
705 896
2640 2759
2960 2961
2725 2862
2444 2452
4313 4318
1764 1874
3978 3986
4009 4017
17 23
3258 3442
2684 2809
151 278
2568 2575
555 571
2702 2827
3534 3729
2514 2633
1787 1905
4033 4041
4327 4331
2411 2412
1174 1315
3245 3246
2961 3102
1850 1858
4224 4230
55 142
1953 2067
4069 4214
877 1067
4112 4230
546 554
1327 1454
1422 1430
1851 2080
3497 3707
3791 3799
2718 2839
2218 2226
3353 3548
2575 2692
862 870
3430 3620
4176 4299
4345 4351
3261 3454
54 142
2574 2683
1724 1843
4026 4184
3540 3544
2005 2006
3032 3033
1624 1632
854 1045
2838 2846
374 547
2978 3120
3737 3915
954 1281
4388 4389
3408 3595
413 578
2579 2582
3782 3790
1722 1727
601 785
3098 3265
31 36
3032 3174
1723 1842
838 1226
349 357
1402 1535
1608 1726
1958 2072
4144 4276
2536 2544
2366 2374
3025 3026
276 428
1957 1958
1937 2049
729 908
1341 1473
3604 3783
1756 1764
3506 3708
2180 2296
1732 1858
870 1061
1521 1647
1394 1527
2465 2584
2428 2436
2169 2276
3204 3368
275 427
4083 4215
1403 1532
507 690
3798 3806
1777 1893
2638 2641
2551 2559
3041 3189
274 420
12 16
884 890
137 143
1439 1572
2759 2886
2762 2892
2276 2398
56 57
3676 3855
1470 1598
1882 1889
3268 3269
8 11
1060 1233
3221 3401
2957 3100
145 150
1802 1913
3247 3251
3539 3540
1725 1732
48 49
160 309
2535 2543
2462 2581
3026 3172
3490 3684
154 287
2676 2684
2692 2809
2300 2413
4403 4407
3930 4089
2932 3056
6 9
2460 2461
2062 2169
2815 2821
2239 2353
40 41
3587 3774
2602 2717
970 978
1005 1194
587 595
3180 3188
4267 4350
1233 1240
1342 1482
681 689
1467 1470
3263 3267
3945 4088
82 190
546 721
1331 1461
4207 4212
1202 1358
2871 3017
3684 3692
2830 2831
625 813
4 62
2916 3040
523 714
2068 2180
714 903
3322 3330
3708 3887
2063 2064
2699 2822
278 279
61 157
3172 3347
930 938
2104 2219
2676 2801
3611 3798
3540 3736
3723 3907
2468 2587
3498 3506
3229 3401
3430 3436
46 124
3902 4065
3241 3246
1389 1528
1839 1844
1891 2004
3228 3400
2284 2290
282 286
3667 3683
1658 1659
4096 4104
3283 3474
618 807
1373 1513
1306 1314
3838 4017
2467 2586
2261 2375
1083 1084
2445 2560
3489 3683
438 439
61 62
3205 3213
2925 3057
1089 1094
3993 4143
2237 2351
2483 2603
1438 1563
987 993
1711 1826
110 222
1012 1201
4072 4212
2178 2294
3016 3165
1527 1654
3742 3916
357 522
4220 4221
2444 2567
2183 2296
3914 4076
3417 3596
279 431
3723 3901
2862 2870
45 46
2993 3143
3221 3229
1431 1564
594 777
4175 4298
3424 3612
2954 2955
1143 1151
4213 4322
4384 4389
3166 3344
3895 4065
4010 4160
183 326
3467 3474
3691 3699
1423 1548
2886 2887
2635 2757
3180 3353
1075 1253
614 803
3498 3700
2536 2652
2846 2854
1090 1094
4217 4223
1532 1661
1374 1506
3072 3212
3283 3299
3446 3453
280 428
3611 3619
1631 1756
1897 1898
4291 4374
1623 1756
2292 2399
1973 1981
587 762
1894 2007
3544 3735
1624 1749
427 595
1522 1528
2066 2070
2122 2123
1588 1594
1080 1085
1954 2066
1654 1659
231 539
4077 4080
1784 1785
562 745
1406 1534
4221 4325
3197 3377
4159 4275
1793 1904
2461 2581
2409 2524
2482 2490
3347 3352
1100 1106
1249 1254
611 797
633 821
4160 4168
3700 3887
531 722
4331 4337
1159 1306
4079 4080
3660 3855
2218 2323
2618 2626
1664 1670
1624 1741
4316 4391
1096 1101
42 47
1217 1381
3022 3169
373 389
3034 3175
2410 2525
162 302
2552 2676
138 263
2359 2475
3098 3101
2947 3093
3167 3344
3467 3668
35 110
3871 4034
1756 1866
2175 2179
3572 3759
3435 3627
902 1094
3056 3196
2741 2878
268 274
125 247
17 22
2954 3095
1678 1794
3265 3454
1594 1711
2411 2526
922 930
280 281
64 70
4380 4385
530 713
2353 2359
4224 4328
3505 3513
1072 1254
3831 4010
325 498
55 137
1844 1959
3026 3027
4069 4213
3815 3978
4400 4403
1393 1531
3167 3168
1005 1013
4222 4326
3344 3345
3528 3534
2756 2761
1181 1342
3937 4082
3659 3675
2024 2032
1981 2087
4311 4389
1454 1461
2391 2515
1842 1956
562 570
1701 1817
1150 1297
514 697
1655 1656
1261 1399
3459 3651
1482 1616
60 162
1126 1273
3384 3392
2959 2960
318 483
83 97
801 994
2203 2324
4388 4390
1182 1332
3269 3275
909 1095
606 798
1837 1950
1473 1601
2784 2908
155 288
83 191
4329 4334
4127 4135
3969 4119
1596 1597
18 24
3912 4074
2825 2826
3002 3010
3298 3481
2203 2211
4111 4119
42 118
3815 3823
433 608
729 915
2437 2552
474 482
610 800
633 641
4018 4168
1259 1401
3466 3473
1661 1662
3596 3783
1078 1082
358 515
4078 4079
458 641
1403 1535
2527 2528
2080 2203
2668 2676
3010 3017
1721 1837
475 658
39 45
2969 3111
1777 1781
12 17
3259 3262
2277 2391
36 37
153 157
2854 2985
1248 1396
3986 4120
2916 2924
1470 1599
2061 2175
3257 3452
3111 3119
769 962
2828 2959
1256 1260
947 955
2117 2232
2957 3099
1335 1468
2826 2830
2639 2761
48 50
2117 2121
3548 3743
3251 3430
3087 3220
2879 2885
1867 1974
1028 1036
3144 3323
3018 3166
3529 3535
3092 3093
111 223
2986 2994
792 985
230 365
877 884
3112 3120
2219 2340
2963 3111
993 1176
2296 2298
3254 3443
239 390
1936 2048
1074 1075
3522 3724
3945 4095
689 877
1866 1981
3021 3022
1555 1563
3571 3758
2124 2125
215 366
1044 1052
440 620
4 63
3759 3930
14 18
1834 1835
215 223
806 998
1529 1657
963 1151
4398 4399
2957 2958
3446 3447
1175 1330
1329 1330
3447 3635
3596 3604
4069 4074
3384 3579
1226 1382
2960 3101
3306 3314
1177 1178
3249 3253
1053 1389
1749 1875
609 611
152 284
357 365
506 681
1833 1834
995 1181
4395 4396
3830 4001
174 182
1020 1028
4079 4215
182 333
4357 4397
634 642
282 287
2188 2308
3454 3460
3267 3268
2234 2348
3961 4119
990 994
2112 2227
1727 1839
1083 1087
2016 2024
2463 2464
3563 3571
274 279
971 1159
4175 4183
3429 3627
2300 2307
586 594
1089 1093
3619 3814
2041 2146
987 992
4058 4065
1092 1093
483 491
547 722
4009 4159
2459 2580
2253 2367
1757 1990
4363 4369
2406 2407
1194 1350
2187 2300
149 150
4334 4392
325 333
366 539
522 705
2602 2610
3299 3498
1904 2024
3111 3282
2243 2357
288 294
1786 1793
4329 4333
58 157
1075 1252
4088 4218
830 1021
1061 1247
2429 2544
3529 3730
829 837
4217 4222
1660 1664
3636 3644
1647 1778
2941 2948
1020 1209
254 397
22 23
3429 3435
451 459
1298 1306
2839 2970
1571 1693
2825 2962
706 891
2603 2611
174 317
1615 1740
3034 3041
1332 1333
276 277
3173 3352
2584 2702
3497 3691
1709 1716
1607 1725
4214 4323
1314 1447
2269 2375
142 147
2383 2499
1663 1786
61 65
4103 4229
1670 1782
3346 3349
3543 3544
459 650
2181 2186
3724 3730
3699 3886
2202 2210
1249 1253
2324 2332
4331 4336
3106 3283
2641 2759
996 997
3907 4074
1084 1088
2855 2994
3093 3235
3473 3481
2 34
1965 2079
1497 1623
2768 2769
3348 3543
2316 2324
1087 1092
1874 1989
3228 3235
4268 4357
2704 2825
2413 2535
2792 2800
3369 3377
1335 1341
3556 3564
4143 4275
1135 1274
3878 3886
753 946
4151 4275
610 797
2684 2692
978 985
263 269
2809 2816
2940 3080
2064 2177
2129 2243
2847 2986
2063 2176
1905 2011
2194 2315
3417 3424
4204 4321
939 1119
3692 3879
3040 3180
4321 4323
1037 1045
3189 3354
3330 3337
137 254
3977 3985
4400 4404
1393 1530
4127 4259
3862 4033
4222 4327
3010 3152
3729 3912
167 309
4268 4363
3970 3978
4369 4405
1899 2011
3242 3424
1290 1431
1920 1928
11 12
769 946
3878 4041
4373 4374
1028 1217
1842 1957
4070 4074
1465 1466
3895 4058
1267 1408
3361 3549
149 263
3887 4058
4183 4191
3073 3221
4033 4175
1313 1321
1726 1733
13 83
626 830
1946 2063
445 626
2892 2893
2348 2463
1802 1810
2769 2776
3945 3953
997 1180
801 993
2961 2962
4388 4391
970 1150
1182 1333
1273 1407
3101 3102
2153 2268
3165 3169
1640 1757
1837 1949
3376 3384
1004 1186
2579 2697
3908 3909
18 25
2162 2277
4 68
1949 1952
762 770
2947 3080
174 474
804 995
2003 2007
4298 4374
2359 2367
2885 2886
2761 2888
610 801
2180 2298
1174 1328
2284 2398
4251 4350
2154 2269
1210 1218
1414 1422
1785 1898
2252 2260
1482 1490
350 515
3660 3839
2594 2710
1111 1266
2182 2295
435 611
69 190
1393 1394
1179 1182
3306 3505
39 44
1946 2176
4284 4375
3667 3675
3659 3667
706 897
1686 1794
4402 4403
609 800
2015 2129
2749 2884
2129 2244
1097 1255
4252 4351
2709 2831
52 56
1248 1252
786 979
3915 4076
1430 1438
3160 3166
3323 3514
938 1118
3246 3423
2580 2691
4144 4260
2524 2525
2826 2831
349 514
1225 1381
1045 1234
2244 2366
1465 1596
1265 1266
3604 3799
2125 2239
1273 1289
1201 1357
283 288
2692 2698
1394 1398
2062 2175
1631 1639
4192 4312
2307 2420
3619 3627
139 145
2178 2179
3128 3307
3251 3252
1981 1989
614 620
2891 3025
3922 3929
1464 1595
3547 3737
1233 1246
3814 3830
103 214
4243 4251
2808 2940
1393 1397
2420 2535
2576 2581
1505 1513
4111 4243
2308 2421
3174 3180
2784 2792
2703 2828
1710 1826
1159 1167
3088 3236
3542 3547
1529 1656
2460 2576
1720 1721
2025 2130
4299 4306
4069 4073
4042 4199
2960 3102
2352 2466
3249 3252
3105 3282
2644 2762
2436 2551
619 814
658 862
1178 1331
381 389
609 610
1052 1060
614 615
4305 4380
3189 3361
3290 3298
4244 4252
3002 3152
3902 4071
3806 3969
2469 2475
546 737
2061 2065
2345 2459
2346 2347
2733 2741
2640 2641
2177 2293
4331 4332
3580 3767
2820 2824
2588 2595
2683 2691
4144 4160
3863 4026
515 698
1 31
2186 2300
916 923
4336 4337
3555 3750
285 286
3506 3514
1473 1481
1793 1898
1773 2004
0 1
3822 3985
2007 2117
3260 3452
4236 4243
2465 2469
3106 3276
499 682
3354 3543
3041 3049
3393 3588
1314 1322
156 162
124 238
2638 2761
2072 2079
3101 3270
1531 1659
2408 2519
3188 3196
1225 1233
3017 3160
2390 2506
3401 3596
17 82
3838 4001
3895 3902
3954 3962
1748 1866
4034 4184
1834 1951
3275 3466
58 154
1053 1247
1889 2003
3643 3838
885 1068
2235 2236
23 103
3338 3529
2559 2667
2585 2704
2233 2347
143 148
3400 3595
3962 4104
3170 3171
2633 2756
381 538
1783 1895
3417 3612
59 160
3331 3338
923 931
1599 1723
2825 2961
3246 3253
262 406
2893 2900
4399 4400
3127 3314
1414 1540
3377 3385
1912 2024
406 571
1490 1624
853 1052
2584 2703
2118 2233
18 83
3073 3081
2124 2245
1081 1086
3879 3887
1179 1333
3459 3667
3416 3611
1180 1334
3962 3970
845 1044
3229 3409
10 11
985 991
275 421
1073 1078
50 53
3173 3347
287 288
2445 2453
3345 3538
2863 3010
3691 3870
151 273
124 131
19 25
1193 1357
1895 2008
3299 3307
1571 1579
1241 1389
434 435
955 963
4326 4327
2610 2725
2331 2444
1134 1142
152 153
3441 3447
1313 1446
4313 4387
295 302
4340 4345
2227 2340
2064 2178
2347 2461
1957 2070
1474 1740
806 1004
3135 3143
4356 4400
90 207
1209 1373
1474 1481
3540 3541
2295 2296
1350 1482
3080 3220
1173 1321
4332 4337
878 885
1505 1639
3339 3535
992 1176
805 806
2367 2483
1982 2088
2947 2953
283 287
2260 2382
3579 3766
1677 1793
2374 2482
444 625
2407 2523
3767 3938
1732 1740
262 269
697 705
11 15
2575 2576
4243 4338
15 21
1241 1247
1240 1394
1415 1548
1366 1498
2323 2436
674 682
3855 4018
2809 2933
1810 1921
2692 2816
1021 1202
990 1173
1944 2062
1028 1209
1956 2070
2482 2610
4205 4318
3144 3152
3001 3009
1997 2103
1722 1841
3028 3034
342 507
2268 2390
2884 3022
996 1180
3262 3263
986 1168
2909 2917
52 132
325 482
4017 4167
4215 4220
1514 1648
1989 2095
1473 1607
3257 3440
954 1134
3254 3255
2626 2741
1958 2079
2887 3024
1892 2005
3945 4103
2704 2826
3073 3205
326 491
3619 3806
3946 3954
2008 2122
2103 2218
3330 3528
1062 1247
4259 4350
738 931
1835 1836
4405 4409
301 474
1954 1956
2816 2822
2700 2820
2119 2120
2709 2830
2762 2891
310 475
1928 2048
2323 2331
28 34
4096 4224
1248 1253
414 421
2823 2955
4260 4351
1599 1600
3096 3097
4224 4324
3151 3159
3298 3497
4128 4244
1247 1252
2405 2515
44 49
48 52
3921 4077
1780 1892
1547 1677
3026 3171
3871 3879
997 998
341 514
3259 3443
4095 4218
2977 3119
4403 4408
3291 3498
365 530
60 64
2067 2068
3097 3241
3460 3467
3436 3636
2683 2932
439 444
4305 4385
282 441
2888 3021
1464 1596
3547 3736
2769 2900
3726 3910
2962 2963
1095 1096
1866 1874
1965 1973
2507 2634
1469 1608
2291 2292
3213 3377
619 626
1321 1454
838 1037
4373 4411
2526 2644
3744 3923
450 458
2409 2410
861 869
3120 3128
3707 3715
2414 2524
30 97
2352 2467
2644 2763
4205 4206
3668 3676
3385 3393
1521 1654
1694 1702
2103 2111
2594 2602
3782 3961
4395 4398
3738 3917
2668 2793
1579 1587
838 1029
398 406
3275 3481
282 285
714 722
1158 1305
1710 1818
162 168
1571 1701
3369 3564
1875 1990
3009 3159
2823 2949
3854 4025
3258 3454
96 103
829 1036
666 674
2008 2009
3572 3580
2652 2777
0 2
3435 3440
2529 2646
3571 3766
1151 1298
1757 1875
923 1112
1168 1315
4276 4363
1358 1498
4001 4009
3393 3580
117 230
2522 2640
3460 3668
215 358
506 697
1298 1431
1178 1461
3564 3572
3914 4075
1218 1374
3643 3651
2584 2705
2227 2233
1531 1658
1598 1722
3879 4058
1414 1547
1506 1640
3430 3437
515 523
4376 4409
2357 2468
152 285
1953 1954
3759 3938
2452 2567
2295 2409
1946 1951
3247 3430
3482 3684
2635 2758
2742 2750
439 618
1400 1532
47 52
475 666
3901 4064
3938 3946
4210 4214
2734 2863
737 745
2233 2346
3628 3823
4383 4413
4167 4175
1251 1398
1430 1563
1891 1892
1084 1085
1599 1722
4089 4219
62 63
3737 3916
482 665
4395 4399
4399 4403
1709 1825
1093 1098
4326 4330
2138 2146
2683 2800
4096 4230
2894 2901
1081 1085
54 55
612 613
4338 4344
1180 1335
2063 2291
3276 3474
34 35
1209 1505
995 999
4319 4320
2237 2352
1350 1358
1726 1839
4184 4306
2137 2244
1741 1859
1100 1101
2763 2892
3291 3474
793 799
445 620
2414 2421
2399 2515
1334 1468
1305 1430
3345 3537
2324 2445
3521 3715
1151 1159
854 1037
869 1067
1532 1533
2667 2784
3938 4096
2660 2668
3393 3401
1463 1464
602 793
2357 2358
17 89
1844 1859
4382 4412
705 890
1895 2011
137 246
2583 2711
4057 4204
3034 3170
4276 4284
1468 1473
4369 4409
295 459
3023 3024
854 862
11 16
4330 4331
4206 4211
4065 4205
2809 3065
1332 1469
3441 3446
51 54
4313 4386
4409 4412
2544 2668
3265 3266
649 845
4268 4276
1594 1595
3847 3855
2181 2298
138 247
4058 4205
2120 2234
3529 3724
1455 1462
3448 3644
2889 2890
4332 4338
147 151
3056 3064
3923 3924
437 620
1407 1540
909 1100
168 310
4069 4210
2985 3127
3774 3953
50 51
2660 2785
1662 1784
4393 4396
2618 2741
807 813
3863 3871
2407 2522
2375 2499
4349 4350
1858 1973
3196 3368
998 1186
673 681
1669 1793
650 658
1547 1555
570 761
4337 4338
2543 2651
4319 4390
4291 4298
3048 3188
1801 1904
1013 1194
579 762
614 1006
47 48
990 1178
3839 3847
2933 3065
2180 2181
4229 4332
869 877
3242 3417
1835 1952
3723 3729
1408 1541
1802 1921
3213 3221
43 44
3758 3766
1648 1649
1664 1782
2602 2725
1640 1648
4237 4333
4405 4406
4387 4388
2750 2871
3799 3970
1841 1954
3513 3521
3385 3572
1685 1809
3128 3136
5 9
4070 4210
1514 1649
955 1143
4127 4243
4267 4362
1143 1282
2129 2137
4198 4204
4128 4136
143 268
148 268
2893 3032
3337 3343
1498 1632
3256 3257
4381 4382
1892 2006
1818 1937
3212 3376
2639 2756
2698 2816
3798 3969
118 223
1513 1639
3921 4082
2169 2175
971 1151
3909 4071
2128 2237
4050 4205
1693 1817
2994 3002
3930 4083
4033 4191
3248 3249
1078 1081
2268 2276
1068 1074
1079 1084
947 1127
2428 2551
4083 4219
3930 3938
979 1168
4394 4398
413 420
3734 3914
3774 3945
420 426
829 1020
2586 2830
4284 4369
1956 1957
45 51
837 845
52 139
3049 3197
970 1134
754 947
3715 3894
42 43
2285 2399
4252 4345
4119 4127
846 1037
3750 3922
2095 2210
4369 4375
1321 1446
148 274
1580 1710
2391 2634
2238 2467
491 674
1602 1726
3539 3544
4034 4192
4268 4351
3435 3441
48 53
1408 1415
1365 1497
278 281
2710 2838
1438 1571
60 65
4335 4392
822 1013
3235 3416
40 45
357 530
963 971
466 657
530 538
69 174
3716 3895
3251 3254
554 570
4192 4199
2891 3027
3348 3354
3628 3636
803 995
2170 2176
2525 2526
2232 2339
1331 1465
1541 1664
2816 2948
2301 2414
2170 2291
1256 1259
1844 1851
4375 4381
431 436
4389 4391
1086 1090
3595 3790
1555 1677
47 132
3352 3542
2863 3002
438 441
2526 2645
3612 3799
4398 4402
2315 2428
2112 2118
3009 3016
2568 2684
999 1181
991 1166
2536 2660
238 389
2756 2888
1772 1882
1843 1850
389 397
3135 3322
268 420
2462 2463
254 261
3453 3459
1037 1226
3536 3537
2374 2382
1579 1701
1631 1764
884 1073
2862 3001
3027 3172
995 1182
1513 1521
2316 2429
1839 1840
3659 3846
4345 4394
4205 4211
2528 2645
4382 4386
931 939
2610 2618
3454 3467
2234 2347
1077 1254
155 287
3243 3244
3514 3724
3548 3742
3440 3441
2095 2103
1246 1398
2444 2559
2827 2964
3482 3490
3343 3538
2186 2298
2469 2588
1974 1982
3255 3434
1748 1973
3197 3369
2846 2985
3100 3267
745 938
3921 3929
2831 2963
2239 2240
3675 3862
1330 1465
1773 1891
432 606
658 846
2475 2588
2421 2536
440 441
3916 4077
650 846
649 657
2522 2641
3264 3268
2041 2154
1104 1256
3057 3205
3758 3929
160 167
2993 3001
5 65
1832 1936
1757 1765
3775 3946
2357 2467
1654 1778
3017 3166
1974 2088
2994 3144
2243 2358
4221 4222
642 830
595 770
1670 1787
3241 3416
125 239
4209 4210
681 877
439 613
1400 1533
435 436
3548 3555
4025 4167
1446 1579
3822 4001
2056 2161
4379 4380
853 861
4383 4412
1062 1252
2130 2253
2234 2235
2949 2955
721 908
2071 2181
3092 3241
3543 3738
3270 3276
4339 4340
870 878
1422 1547
786 793
3953 4103
2096 2211
3342 3538
4399 4402
665 861
2871 2879
4326 4331
1462 1594
1044 1217
436 606
3986 3994
4057 4064
1719 1836
2088 2203
1851 1974
58 59
3783 3791
2292 2293
890 896
2357 2587
475 650
785 792
4041 4049
4343 4344
3636 3823
2210 2323
1950 2062
445 619
1333 1470
1726 1727
1402 1403
3345 3536
1174 1322
2955 2956
1733 1859
3962 4120
2908 2916
2243 2244
381 554
3603 3611
1529 1530
2004 2005
1167 1315
4112 4237
2792 2916
310 483
2006 2007
3799 3807
1241 1395
1669 1677
1250 1251
1091 1095
1563 1571
1563 1693
4401 4402
1462 1588
1 25
1067 1246
3095 3096
3120 3299
1332 1470
1817 1920
3911 4074
2793 2917
2466 2586
1334 1335
2315 2436
1119 1127
255 398
147 273
1406 1407
284 451
4374 4380
268 413
2120 2235
4204 4316
2347 2348
1693 1701
2776 2900
43 49
405 570
3887 3895
2675 2800
4362 4368
175 318
1685 1693
76 191
1082 1086
1112 1261
4252 4339
4368 4373
896 908
2703 2704
4167 4291
3246 3250
2179 2294
5 6
104 223
3716 3724
4076 4080
59 63
1662 1785
1060 1067
2177 2178
2584 2585
68 167
1336 1469
3806 3822
3732 3733
1327 1461
2235 2348
2801 2933
4311 4385
4333 4340
778 971
2964 2970
68 69
1104 1111
2567 2675
1905 1913
281 436
870 1068
3094 3242
288 450
1778 1889
428 434
2581 2582
3250 3435
1315 1322
2741 2749
3436 3437
3065 3073
1474 1615
3442 3443
3229 3236
3831 3847
3830 3838
1959 1966
3175 3181
2884 3016
3684 3863
2651 2769
1467 1599
3360 3555
3448 3652
1182 1336
334 342
9 77
3791 3970
52 53
1044 1233
2529 2536
3724 3908
3497 3505
1593 1716
2188 2301
803 804
274 426
2822 2948
2820 2821
1241 1528
2800 2932
2340 2460
4144 4152
1259 1260
3921 4081
68 75
4340 4394
2128 2238
1095 1101
908 915
3094 3236
985 1166
1305 1313
2823 2824
190 333
1756 1874
3094 3095
4078 4083
2594 2709
2307 2315
4072 4073
3081 3229
1134 1281
4362 4404
1062 1068
3181 3348
2515 2635
191 199
1218 1382
3220 3392
3348 3349
2551 2667
1548 1670
4357 4405
3368 3376
2407 2408
1118 1126
3886 4057
1920 2040
2524 2646
2832 2839
2941 3073
2112 2219
153 286
2519 2520
1060 1246
986 987
3087 3235
2111 2226
1602 1727
278 431
4345 4397
3909 4072
689 697
118 125
2985 3135
1564 1686
1514 1655
1101 1257
3165 3343
992 993
40 46
3540 3735
63 68
2067 2183
1851 1859
682 878
1898 2010
994 1176
2891 3026
301 458
3735 3737
1455 1588
3726 3908
2211 2219
161 294
1281 1289
608 799
4207 4211
1882 1997
2063 2177
1588 1710
3022 3165
2854 2862
3315 3506
2293 2294
2351 2352
2070 2181
3977 4119
1406 1539
4128 4260
1266 1407
3588 3775
1929 2041
2762 2890
2820 2952
3408 3603
785 978
1234 1389
4212 4213
923 1100
3436 3620
2276 2390
2414 2646
254 405
1893 1894
3106 3112
1106 1261
3744 3751
9 10
1959 2067
1598 1599
43 47
1175 1176
1787 1794
1530 1657
2040 2153
282 283
4382 4387
2245 2353
3603 3790
1012 1193
1497 1505
3651 3846
3243 3247
1616 1741
769 777
1989 2103
239 374
2642 2646
3514 3708
2186 2299
3361 3369
1826 1945
2506 2514
433 434
3275 3473
2182 2183
2459 2574
2008 2011
778 786
2585 2586
4083 4089
2889 3025
1711 1833
2698 2822
1773 1890
432 607
1202 1210
2986 3128
615 805
3264 3269
2777 2901
2183 2295
3822 3830
1522 1655
1608 1616
4267 4356
279 426
2583 2588
3258 3261
3033 3180
1837 1838
2350 2465
2660 2777
206 341
1388 1527
58 61
3791 3962
2390 2398
434 608
438 612
183 191
2087 2202
2490 2618
1093 1094
8 75
3048 3196
1883 1990
3168 3345
89 96
3588 3596
2202 2315
2560 2568
3250 3253
991 1173
4267 4275
2619 2742
390 398
1600 1723
3247 3424
1639 1772
4306 4381
1990 2104
3938 4089
1834 1946
1765 1890
58 153
222 230
439 612
1400 1534
897 1083
587 770
3913 3914
23 96
1787 1899
4343 4396
1185 1341
690 885
2948 3088
2956 3095
1540 1547
2057 2170
1912 1920
2949 2954
2474 2602
1966 2195
3460 3652
3474 3482
3276 3283
199 350
946 1126
2088 2096
1720 1837
1595 1596
2603 2726
1944 1950
1084 1087
1462 1463
1085 1086
1187 1342
3587 3766
2049 2162
1166 1313
286 287
586 769
2924 3056
2428 2543
3831 3839
1832 1838
1067 1251
118 231
1686 1802
1179 1334
2985 2993
612 615
2290 2294
2595 2603
490 665
3353 3542
3913 4075
4319 4322
2461 2576
2970 3112
3257 3446
2770 2894
3533 3534
3628 3807
4025 4033
3168 3342
1982 1990
1532 1535
4135 4259
1469 1598
2146 2154
2952 2953
3348 3539
269 414
2888 3022
1087 1088
3894 4064
373 538
2583 2705
4057 4210
1535 1664
2826 2962
2964 3112
814 1013
3497 3699
3255 3257
1 2
3213 3393
2071 2300
2178 2293
1282 1290
2894 3028
979 1159
2429 2437
2154 2277
2347 2462
3258 3443
35 117
281 431
1250 1398
2777 2785
4204 4317
4026 4176
1273 1281
43 48
4336 4343
4392 4393
4386 4387
1733 1844
2978 3128
2705 2832
59 155
2032 2145
3144 3331
2383 2507
3459 3466
414 587
1466 1593
59 62
1297 1422
601 777
3774 3782
2138 2261
1836 1837
3254 3256
2815 2940
612 805
1825 1936
938 1126
246 389
2885 3023
14 15
1265 1401
1468 1600
571 579
1259 1265
1341 1481
41 124
1843 1957
1328 1462
2284 2404
3094 3243
125 132
2296 2410
2349 2464
3339 3344
2180 2183
4379 4384
4230 4328
586 761
2993 3135
2838 2977
3408 3416
1313 1438
2839 2986
3660 3668
421 587
797 801
3790 3969
3595 3603
2651 2768
2463 2582
1469 1602
3732 3910
42 125
1895 1896
2763 2893
3774 3937
674 870
89 190
2717 2846
4410 4412
1097 1098
2579 2701
915 1099
2822 2949
4119 4243
1702 1810
2522 2523
3221 3393
837 1036
382 398
1838 1944
2627 2750
1127 1267
3924 4083
3846 4017
4184 4192
2725 2854
3346 3540
2954 3094
1095 1100
4251 4338
2366 2474
2008 2125
3489 3497
2878 3016
3250 3423
3248 3251
301 309
808 1006
1004 1012
3970 3986
4283 4291
1779 1891
2515 2634
39 40
2701 2820
1088 1089
69 75
1530 1658
2700 2823
1335 1473
3854 3862
1765 1773
4049 4191
42 111
3264 3466
546 729
2947 3087
4275 4362
1202 1366
82 89
3555 3743
625 821
1717 1834
3377 3564
985 1158
2519 2523
1945 2057
2635 2640
642 838
1176 1330
2749 2878
1951 2064
579 587
930 1111
2238 2352
3251 3437
3400 3579
283 439
3737 3742
1396 1397
2240 2350
2756 2884
4298 4380
2067 2073
3097 3246
1250 1393
3165 3342
3644 3652
1556 1686
2067 2182
3490 3700
642 650
994 1177
51 55
3735 3736
2700 2824
2024 2137
3726 3909
2733 2862
3189 3197
3736 3737
2420 2428
2006 2120
2398 2404
1588 1711
3243 3248
3331 3522
1431 1439
1892 1893
21 28
1733 1741
522 697
1966 2073
3343 3534
3489 3691
4373 4408
2820 2953
1572 1702
2351 2466
2925 3065
3644 3831
1711 1717
3993 4135
2382 2490
1260 1265
2483 2595
1720 1836
285 441
110 214
2559 2675
2925 3205
2245 2253
357 514
466 641
801 802
2770 2777
1836 1952
2010 2015
2633 2749
4292 4375
1389 1522
3946 4104
3127 3306
4103 4111
4383 4384
302 467
3441 3627
3643 3846
183 334
2697 2815
1718 1834
450 625
144 145
3252 3254
4175 4291
3136 3315
822 830
2203 2308
1701 1709
753 761
1587 1716
4404 4408
3283 3291
615 804
4071 4211
56 139
2125 2240
3537 3731
1098 1099
618 625
1322 1455
1528 1656
4322 4323
2408 2523
3001 3143
144 263
1489 1615
420 586
1036 1044
2626 2633
4376 4412
4375 4376
1952 2064
1953 1959
1600 1724
3256 3443
255 263
2295 2410
2576 2692
3452 3453
1660 1782
562 753
4368 4404
466 474
996 1182
745 922
4396 4399
175 183
1889 2007
571 754
2187 2307
3541 3542
1463 1595
531 714
1505 1631
2641 2760
2698 2699
280 434
46 51
3368 3563
3169 3342
2130 2138
4191 4311
4334 4340
602 786
1833 1946
3579 3587
3916 3921
2552 2668
555 738
3886 4198
2909 3041
3572 3751
3096 3244
142 148
1142 1281
2331 2339
993 994
762 955
2741 2870
754 939
1180 1185
2041 2049
3886 3894
673 861
2406 2522
2299 2300
3474 3668
3236 3242
1702 1710
2237 2238
1349 1357
530 721
2299 2413
2004 2119
2611 2742
2676 2793
3245 3253
3168 3169
539 722
3726 3730
804 805
289 295
1087 1091
1928 1936
2452 2459
746 939
4057 4209
152 156
1725 1843
1061 1062
2826 2963
4283 4368
1694 1802
317 482
1773 1779
1998 2004
3255 3256
1341 1349
3290 3481
2627 2757
1655 1779
1899 1905
152 157
341 349
382 555
1247 1395
2466 2584
3911 4073
3349 3539
4151 4159
4229 4327
1810 1818
4328 4329
144 149
1469 1475
333 341
4392 4394
4325 4326
1118 1273
3400 3408
1953 2068
609 799
3354 3361
1596 1718
1085 1089
3729 3907
1181 1336
3098 3270
1004 1193
1952 2065
1127 1135
341 498
998 1185
467 475
987 1168
1468 1601
3098 3099
4337 4343
1240 1398
3924 4078
2491 2603
578 761
2437 2544
4316 4317
1663 1669
1328 1463
4018 4176
30 31
2977 2985
1408 1535
2296 2411
2349 2463
459 467
3322 3513
4284 4363
3151 3330
2560 2676
358 523
1956 2066
2619 2627
2499 2619
745 753
451 634
83 90
1342 1350
1249 1397
76 175
798 802
255 262
3314 3505
786 986
830 1029
4104 4230
1895 1899
2854 2993
427 428
104 207
3986 4128
289 451
3751 3923
4410 4413
155 294
3188 3360
897 903
3620 3807
620 808
1660 1783
2825 2828
1649 1765
3256 3260
3028 3170
2831 2838
4320 4391
738 746
1732 1850
2785 2793
3901 3907
2704 2830
3346 3541
3416 3423
149 276
1867 1982
3205 3377
96 198
2567 2800
3248 3252
4159 4291
3460 3839
3171 3172
2659 2784
4394 4397
3262 3266
230 373
3734 3913
625 633
2404 2520
2491 2499
4223 4327
1342 1475
1936 2056
1074 1083
1112 1402
1866 1973
222 365
2291 2399
3571 3750
2468 2474
3442 3448
3969 3985
3009 3151
1717 1833
978 1158
2526 2527
2340 2453
2762 2763
2015 2016
2925 2933
326 334
3505 3707
2822 2823
673 869
44 45
963 1143
3683 3870
3447 3643
2726 2734
3099 3100
283 438
1150 1158
555 563
2079 2187
3384 3571
2240 2351
800 987
706 714
3097 3245
1101 1255
2702 2703
1749 1867
4075 4076
1716 1838
4411 4413
4136 4144
1005 1187
2535 2651
4206 4207
1274 1282
2824 2952
3549 3556
15 16
310 318
150 151
1533 1662
1331 1466
269 421
2978 2986
2006 2121
3961 4111
3536 3731
3152 3160
1086 1089
4207 4322
3212 3392
3929 4082
657 853
3542 3548
2469 2583
261 413
2015 2123
4398 4401
2409 2414
896 1082
2703 2825
498 506
3024 3169
1539 1663
634 830
1330 1331
285 440
4042 4192
3072 3080
2699 2700
1076 1080
2475 2595
4009 4151
1785 1786
1186 1349
3766 3774
804 997
3347 3541
36 42
2839 2847
3738 3913
2958 3105
1710 1711
1274 1415
2586 2704
2764 2889
523 531
49 50
4206 4318
366 531
2232 2236
2453 2568
2119 2233
4216 4217
799 987
1965 2087
1534 1662
2145 2260
1381 1513
3111 3290
2461 2462
821 1020
2917 2925
1257 1258
1921 1929
1718 1835
507 515
2734 2742
3307 3498
614 808
3024 3167
1333 1334
3152 3331
4026 4034
785 962
2969 2977
1329 1463
2104 2112
1396 1529
2146 2261
2066 2180
4050 4058
12 82
3204 3212
16 21
254 389
1951 1952
1677 1685
3258 3259
1615 1623
1260 1266
427 602
1388 1521
174 309
432 436
3275 3282
2718 2726
4073 4212
1654 1777
1431 1556
2643 2765
2269 2383
1373 1381
3917 4075
54 57
1564 1572
3269 3274
239 247
649 853
1381 1388
2195 2203
730 738
777 962
4356 4362
3220 3228
1913 1921
1527 1531
2749 2756
246 254
1349 1481
231 366
3274 3275
3699 3878
1469 1470
294 458
3466 3667
2252 2366
626 822
3734 3738
1463 1594
846 854
280 435
3136 3144
2855 3002
3473 3489
1447 1572
97 104
4339 4345
3101 3106
1497 1615
1833 1945
2717 2854
1874 1997
223 231
4357 4363
797 798
444 618
4343 4349
4057 4198
3916 3922
1858 1965
4260 4268
4334 4335
1719 1720
230 238
1282 1415
2870 3001
903 909
3635 3643
4143 4267
3096 3245
198 333
1438 1446
3490 3692
2521 2640
2073 2182
3564 3751
2111 2117
434 609
2412 2526
3847 4010
1597 1721
1950 2061
939 1127
2711 2718
207 215
1333 1467
2299 2412
1068 1252
2358 2474
24 25
2498 2618
1777 1778
199 334
3726 3731
877 1073
3862 4041
182 317
3010 3160
2071 2072
1388 1394
4408 4411
2970 2978
1091 1096
523 698
1521 1527
3878 4049
2005 2119
3021 3169
451 626
4313 4390
2437 2445
1764 1882
2894 3034
3265 3270
2466 2585
3978 3994
198 206
2684 2801
777 785
4333 4339
2154 2162
507 682
3473 3683
3049 3057
4104 4112
915 922
1072 1073
547 738
2889 2894
2901 3041
4392 4395
1273 1414
2358 2468
970 1142
3675 3683
3429 3619
1077 1081
427 433
2855 2863
2153 2260
1005 1006
1596 1719
1640 1749
4089 4096
1085 1088
1785 1897
793 986
2061 2062
2887 2888
182 190
2162 2285
1716 1721
3635 3814
1265 1407
1896 1897
4065 4211
607 792
721 729
799 800
1572 1694
75 190
2128 2243
1921 2033
4218 4223
1835 1951
2646 2652
2079 2087
4183 4298
3692 3887
3105 3274
2638 2639
2161 2169
69 182
1249 1396
277 281
1374 1522
2709 2710
1801 1809
1466 1597
2353 2475
1176 1177
3025 3171
3174 3352
689 890
4215 4219
467 650
1142 1150
3549 3738
3806 3985
2582 2699
1593 1721
2316 2437
35 41
18 19
2348 2462
2828 2960
1867 1875
4144 4268
2887 3023
1838 1950
2348 2349
1250 1397
522 530
4381 4386
2244 2358
3454 3652
3604 3791
3506 3700
149 275
1640 1875
2169 2284
1201 1365
1067 1073
1779 1780
4349 4400
273 274
437 441
792 978
3262 3267
2375 2491
2261 2269
1748 1756
57 142
2236 2349
2878 2884
1374 1382
3535 3536
2638 2760
2353 2469
2295 2301
3767 3775
2847 2994
2884 2888
689 884
1998 2104
3033 3040
60 61
1306 1447
1657 1781
2170 2285
1936 1944
2253 2261
2808 2932
1111 1118
1266 1273
1727 1840
3783 3954
938 946
2963 2969
2580 2697
4168 4176
3563 3750
1167 1314
2226 2331
2725 2733
3460 3660
626 634
2232 2345
2122 2237
1998 2118
3675 3854
2932 3064
1167 1168
1336 1475
619 822
334 499
1446 1571
1782 1787
381 397
139 144
1252 1253
3002 3144
657 665
15 19
1255 1257
2528 2651
1533 1661
3775 3954
1289 1414
2684 2933
8 82
814 1006
431 432
2917 3049
3580 3775
1784 1896
1036 1217
2916 3048
1660 1661
523 706
1786 1898
2276 2284
482 490
3766 3937
302 310
814 1005
2863 2871
1539 1662
2124 2239
13 18
3 4
23 89
1647 1654
138 139
3016 3159
2758 2886
29 35
2941 3065
2003 2117
1185 1335
36 43
4009 4167
3907 3912
59 154
148 273
4199 4205
1639 1764
2515 2521
3228 3392
284 289
161 309
4206 4319
2367 2375
3249 3434
3337 3528
799 986
2123 2237
1373 1505
3953 3961
3401 3588
1 39
2808 2815
3537 3538
2088 2211
1851 1966
1748 1858
2691 2697
4368 4408
3993 4151
792 798
2890 3025
3261 3262
1726 1844
1535 1541
2210 2315
110 230
3168 3344
923 1119
554 562
608 609
1396 1530
3400 3587
440 445
2644 2645
2066 2181
4064 4070
2294 2407
3417 3604
22 28
238 246
2066 2068
4220 4324
3807 3815
5 77
962 970
1598 1727
1401 1406
2096 2104
4407 4408
4120 4244
3263 3452
1490 1632
3188 3353
3260 3262
1186 1193
4330 4336
2179 2290
1607 1732
4384 4413
4010 4168
3416 3603
1382 1522
2070 2071
1187 1350
4103 4236
3244 3248
2499 2507
845 1052
4209 4214
1053 1241
3846 3854
3112 3299
0 21
3250 3429
4343 4393
4069 4070
1374 1514
713 721
3072 3204
2187 2194
1596 1720
3691 3878
2691 2808
869 1060
1528 1655
1540 1669
3543 3734
3159 3165
1623 1748
1193 1349
514 522
3915 3916
562 737
1401 1534
896 902
89 198
821 829
1306 1439
878 1068
1012 1020
2870 2878
2298 2412
3862 3870
2118 2227
2610 2733
146 150
4 8
3434 3435
3204 3376
64 162
1167 1306
2226 2339
4349 4396
4159 4283
2412 2527
3261 3266
1597 1720
90 199
1209 1365
117 124
2659 2776
633 829
1350 1490
890 1082
4327 4332
3790 3961
4259 4267
1159 1298
2218 2331
3750 3758
2952 2956
1077 1078
3354 3549
4385 4389
2260 2374
1677 1801
2374 2490
2413 2528
3994 4136
3862 4025
3767 3946
1859 1867
3282 3290
3242 3247
4401 4406
3937 3945
3871 4042
3572 3767
4176 4184
1142 1297
3447 3651
3244 3249
1810 1929
2227 2346
1021 1210
1104 1260
1289 1422
4324 4328
3173 3174
673 877
3436 3442
4209 4323
1997 2111
2765 2890
2269 2277
1461 1593
3533 3729
277 278
373 381
3831 4002
3700 3708
978 1150
1077 1080
1073 1251
1593 1597
1267 1274
1989 1997
2339 2345
1809 1817
1850 1965
954 1126
365 373
2345 2464
262 263
1780 1891
3056 3204
3738 3744
804 996
1265 1406
2005 2120
1844 1966
1150 1305
896 1090
3627 3814
326 499
1843 1958
4176 4292
3241 3423
3459 3659
1482 1624
1601 1724
3 61
2290 2408
2382 2498
4143 4151
13 76
437 438
2646 2764
2237 2240
1101 1106
2203 2316
4237 4328
1721 1838
277 280
1258 1259
2463 2579
458 633
4002 4010
3025 3170
2808 3064
1616 1624
1741 1749
1475 1608
4276 4292
4410 4411
601 792
2065 2178
4369 4376
2828 2961
483 666
2762 2765
4128 4252
1336 1342
3588 3783
3744 3917
4120 4128
3346 3539
2033 2041
862 1061
2465 2583
4078 4215
365 538
538 546
1076 1077
1556 1564
1079 1083
1966 2080
2821 2953
4394 4395
284 285
2080 2195
69 167
2969 3119
247 390
2963 3105
1226 1234
3790 3798
4081 4082
808 814
2757 2879
2350 2351
3263 3268
4357 4401
1097 1256
1657 1780
2307 2428
3323 3522
436 611
3213 3385
903 1095
426 601
2048 2161
1572 1580
2832 2970
3437 3443
2032 2137
3970 4120
1783 1784
884 1082
1883 2104
3735 3915
954 962
3087 3228
3481 3489
3099 3102
2909 3049
2718 2847
1973 2087
111 118
1772 1889
2862 2993
90 191
4075 4078
1716 1832
2986 3136
3541 3547
2219 2332
1959 2073
992 1168
3547 3742
1088 1092
4316 4321
1322 1462
1255 1256
2398 2520
3870 3878
1724 1725
2301 2409
1158 1313
3730 3908
222 349
3369 3556
2870 3009
2351 2465
2827 2828
2757 2885
1784 1897
96 214
3854 4017
2175 2290
2582 2700
1809 1920
1957 2072
3929 3937
2588 2711
4406 4407
3894 3901
2587 2709
1454 1587
3100 3274
2760 2761
2957 2961
2300 2420
3166 3167
2645 2768
3 7
207 350
1757 1883
1464 1465
2421 2529
2239 2350
1358 1490
1528 1529
807 1004
29 34
2153 2161
506 689
1298 1439
2815 2947
435 609
1179 1180
3448 3454
3376 3563
9 14
4198 4317
3033 3174
182 325
4299 4375
2398 2506
1072 1077
1601 1725
2049 2154
4080 4081
4213 4214
998 1180
563 571
2188 2195
3440 3446
2900 2908
3159 3343
3434 3440
4382 4383
7 8
3258 3448
2742 2871
3879 4042
1098 1256
2757 2758
1248 1395
2507 2627
2293 2406
2068 2183
2261 2367
490 673
76 77
262 414
24 31
13 77
1897 2010
1740 1858
155 161
2734 2855
2519 2639
2585 2703
3482 3676
2760 2886
547 730
206 214
1817 1825
1841 1842
2253 2359
1595 1717
1598 1602
3683 3691
1194 1358
22 29
3429 3611
2583 2584
4220 4325
2350 2469
613 807
3994 4002
3352 3353
1334 1467
2460 2575
4407 4411
522 713
2340 2346
3260 3263
2683 2808
3023 3167
3353 3360
1904 2016
1937 1945
4320 4321
613 618
2956 3096
151 277
2025 2033
4160 4292
2122 2240
2886 3023
4312 4313
990 991
1741 1867
3291 3482
1423 1431
1659 1777
2324 2437
3027 3173
1399 1400
2626 2749
1020 1201
3751 3759
2667 2792
2 40
405 413
284 445
24 30
4112 4244
2552 2560
3911 3912
406 579
4316 4389
247 255
2627 2635
1874 1882
295 467
1825 1928
3409 3417
998 1004
397 405
146 151
1657 1658
183 318
1415 1423
1719 1835
1094 1098
2940 2947
3166 3339
2793 2909
1395 1529
803 1006
649 837
1158 1166
761 769
2025 2138
2405 2406
459 642
23 29
2162 2170
124 246
3261 3265
2406 2521
3699 3894
2112 2340
1893 2006
2574 2580
1883 1890
3448 3636
64 65
2838 2969
29 103
231 239
4219 4220
421 595
1764 1772
1096 1255
4363 4405
2299 2527
1118 1266
3360 3548
167 174
1497 1631
156 157
674 862
4318 4319
2033 2138
2618 2733
2413 2527
162 295
3269 3466
3322 3521
3522 3529
2071 2187
261 268
4401 4405
570 753
4356 4404
1328 1329
3 6
1135 1282
753 938
1218 1226
2764 2770
579 754
1045 1061
2940 3072
3555 3563
2366 2482
1395 1396
829 1028
2194 2307
3242 3409
1119 1267
885 1083
2332 2453
3729 3733
3692 3871
2065 2179
2177 2292
4230 4237
3902 3908
3799 3978
3923 3930
990 1177
3385 3564
143 261
1685 1801
4351 4397
554 737
1632 1640
1217 1225
2188 2421
199 207
1143 1290
4076 4077
1402 1408
1945 2176
1669 1786
1481 1489
75 82
437 615
2004 2118
2959 3106
14 19
1951 2063
1818 1929
3212 3384
1678 1787
1415 1541
2710 2717
3482 3668
1332 1336
4251 4344
1394 1531
531 539
2959 3101
538 721
4321 4391
1406 1540
507 698
3473 3667
3914 3915
2525 2643
3290 3306
2726 2847
1839 1959
499 507
1290 1298
1841 1956
706 903
1481 1615
3049 3189
153 154
2095 2202
3838 3846
132 138
1632 1749
4082 4218
3587 3595
1662 1663
3635 3830
2015 2243
145 146
491 682
3580 3588
4135 4143
2879 3017
2015 2128
3571 3579
3514 3522
729 922
3644 3823
1365 1489
813 1012
1539 1540
2710 2846
2468 2709
4336 4393
3025 3028
3018 3023
4397 4401
2010 2123
76 83
822 1021
3235 3408
3360 3368
1112 1119
3619 3798
2056 2062
2523 2638
3521 3528
2667 2675
2009 2010
2528 2768
786 971
1467 1600
191 334
4199 4312
1201 1209
902 908
1904 1912
3265 3467
2375 2383
698 891
3823 3831
21 22
1723 1724
2233 2234
3437 3442
3119 3290
3612 3807
3735 3914
3660 3847
4406 4410
2466 2467
3252 3255
770 955
1358 1366
6 7
3135 3314
619 808
1079 1080
4216 4220
1037 1234
1661 1784
1314 1455
156 295
3915 4077
3442 3636
1579 1709
3128 3315
761 946
2824 2955
2339 2452
2498 2506
1088 1093
3659 3854
2769 2893
2527 2645
317 325
3707 3894
3814 3822
1439 1564
962 1134
2900 3032
769 954
420 594
3676 3863
8 12
2711 2839
2033 2146
2177 2291
3533 3538
3514 3716
4350 4356
2420 2543
2308 2429
3556 3751
2582 2701
714 909
2308 2316
4071 4212
445 451
1076 1253
3627 3635
1089 1090
2846 2977
145 149
745 930
999 1005
30 104
3274 3282
1253 1254
571 746
1234 1382
3675 3870
2436 2559
2506 2633
16 17
658 854
2404 2408
2777 2894
3347 3542
3715 3901
110 117
2576 2698
9 13
4252 4260
1068 1075
1072 1078
3101 3276
45 50
1455 1580
168 302
3337 3534
2119 2234
1465 1597
28 29
618 813
802 990
1 37
2642 2643
7 10
7 11
4384 4385
3016 3022
4298 4305
916 931
3708 3895
1514 1522
1945 1946
3424 3430
4204 4209
2793 2801
1897 2009
318 326
155 160
1173 1178
4095 4103
2889 3028
2831 2969
0 25
3822 3993
578 586
3338 3535
2519 2638
2760 2887
4041 4191
2194 2202
3708 3716
2726 2855
4199 4318
3064 3204
3065 3205
3953 4111
2096 2219
1928 2040
1782 1783
3228 3408
613 806
979 986
2460 2568
2408 2520
4407 4410
665 853
1694 1810
317 474
2390 2498
2118 2119
3143 3151
3838 4009
1080 1081
3073 3213
4081 4218
4320 4322
4312 4386
153 285
2521 2635
1439 1447
2121 2235
34 40
3543 3549
3236 3409
4379 4385
4184 4299
1021 1029
3143 3330
1249 1250
3913 3917
2949 3088
690 878
922 1105
1399 1403
3652 3839
2768 2893
1052 1233
1600 1601
1096 1097
2244 2252
97 207
800 801
2298 2299
2627 2634
1912 2032
2252 2374
406 563
1937 2041
3424 3620
3120 3307
1094 1099
1395 1528
4010 4152
902 1090
2581 2699
4292 4299
288 444
255 390
1826 1833
2892 3027
506 514
641 837
3112 3283
770 778
1601 1607
1527 1659
2358 2366
2675 2792
1173 1327
3734 3735
70 168
3072 3220
2491 2611
2073 2188
3245 3249
4219 4324
4002 4152
730 909
1740 1748
4344 4349
104 215
2633 2639
1780 1781
458 466
1825 1832
4393 4395
3095 3244
3034 3181
3547 3548
713 908
3806 3814
2350 2353
2071 2186
4306 4312
1240 1388
2048 2056
778 963
3533 3733
70 175
1407 1414
2652 2660
806 807
41 117
1261 1403
2764 2765
490 681
1474 1732
406 414
2551 2659
999 1187
1594 1717
1944 2056
1718 1719
2959 2964
3528 3723
4209 4321
3902 3909
3001 3151
3264 3459
1112 1267
2010 2016
2705 2827
1840 1953
55 131
2176 2291
2958 3100
4076 4078
3098 3266
4329 4330
1723 1841
4222 4223
3969 3977
437 614
814 822
1185 1186
2359 2483
341 506
2634 2635
4333 4334
3087 3093
2323 2444
4152 4160
3855 4026
2809 2941
1709 1832
870 1062
3094 3244
333 498
46 131
2080 2088
3807 3978
2482 2602
2594 2717
3910 3911
3081 3221
342 499
4244 4339
1898 2016
1178 1327
284 440
4219 4224
4402 4406
325 490
1548 1678
3254 3437
1794 1802
979 1167
1809 1912
1981 2202
539 547
132 139
2383 2391
902 915
3392 3579
3612 3620
2941 3081
2701 2821
1257 1399
3961 3969
2117 2236
4229 4236
884 1078
1859 1974
930 1118
2462 2582
326 483
3730 3731
283 444
607 798
1535 1660
146 147
309 474
1564 1694
6 10
4236 4338
273 279
1473 1474
190 198
2801 2917
1186 1341
2954 3088
57 147
4018 4026
382 563
3081 3088
301 466
475 483
1074 1079
3743 3750
891 1083
444 450
2709 2838
4335 4336
1247 1248
570 578
310 467
2784 2916
2759 2760
4168 4292
2827 2832
2145 2252
1381 1521
2195 2308
3298 3489
2611 2619
2575 2684
2111 2232
1929 2033
803 999
1225 1388
1580 1588
2238 2357
1547 1669
77 175
3291 3490
350 358
2644 2765
1454 1579
4379 4411
2956 3097
3436 3628
2878 3009
754 762
1661 1783
2816 2941
3716 3902
3175 3349
2824 2956
1098 1104
1890 2004
2277 2383
1255 1258
2040 2145
2908 3033
2958 3274
2900 3033
4049 4317
24 83
2871 3010
955 1135
3533 3537
3331 3529
1106 1257
1981 2095
1608 1733
813 821
3556 3744
1656 1657
891 897
3088 3229
2595 2718
1400 1401
1076 1254
2705 2711
896 1086
3917 3924
3733 3911
1913 2025
897 1087
2459 2464
3100 3268
1349 1489
1329 1465
2529 2652
1587 1709
2586 2587
2651 2659
2758 2885
2465 2466
53 57
2954 3236
594 601
3315 3323
2702 2828
2294 2408
4387 4390
2697 2821
1836 1949
3782 3953
2040 2048
2346 2460
1794 1905
3264 3452
2123 2128
103 110
2668 2785
4079 4217
1177 1331
206 333
722 730
45 49
3791 3954
714 730
35 103
4206 4322
3307 3315
2490 2610
150 276
4216 4221
1883 1998
802 991
1541 1548
3159 3337
1949 1950
2619 2750
1111 1260
2800 2924
1181 1182
2009 2123
41 46
2070 2072
4412 4413
2122 2125
2011 2125
3962 4112
24 97
4251 4259
3901 4070
2587 2830
1498 1506
4217 4218
2760 2888
2137 2145
70 77
2057 2162
2776 2784
2474 2594
117 238
615 803
4351 4357
1783 1896
4089 4224
1218 1366
1314 1315
1297 1305
2603 2734
3181 3189
3692 3700
2948 3081
613 805
3521 3723
2958 2962
3879 4050
2339 2459
902 1099
1258 1400
1225 1240
2453 2460
3344 3536
1397 1530
421 427
3447 3453
118 239
690 698
142 143
4081 4217
4320 4323
1053 1061
34 41
2238 2243
37 44
996 1179
10 14
3346 3347
4349 4356
2293 2407
4001 4151
3628 3815
4095 4229
3490 3498
1430 1555
3907 4070
2468 2594
798 985
992 1174
2414 2529
3549 3744
4010 4018
1475 1616
2957 2962
262 398
482 657
2290 2404
2016 2129
3171 3346
3098 3102
2298 2411
51 131
2452 2574
3977 4135
2697 2701
3985 4135
2210 2436
1882 2003
1818 1826
4409 4410
2581 2698
1921 2025
374 390
30 36
4324 4325
269 275
2137 2252
2411 2525
275 428
1053 1234
152 289
1028 1373
3342 3345
1548 1556
1305 1438
1045 1053
3731 3732
1072 1251
2073 2195
746 754
3093 3241
0 19
4344 4350
414 579
802 994
2839 2978
4073 4074
1297 1430
2268 2382
4383 4387
2138 2253
1850 1958
2717 2725
3994 4152
4284 4292
4376 4381
3759 3767
3699 3707
4337 4344
3533 3732
3256 3259
342 515
3339 3536
1658 1781
2887 3021
131 246
2544 2660
281 435
1261 1402
1722 1723
1778 1894
770 963
1489 1497
1091 1092
3160 3339
138 255
4112 4120
4320 4390
398 563
3 65
738 916
491 499
2521 2522
1781 1893
4237 4339
3660 3676
168 175
2003 2111
3775 3783
2161 2268
2651 2776
1840 1954
1 44
168 318
132 247
3266 3267
2908 3040
1258 1399
674 878
2579 2580
4073 4213
1840 1841
4076 4079
2543 2551
3743 3922
374 382
658 666
3018 3167
131 137
3196 3360
1702 1818
705 713
4312 4318
2514 2639
2543 2659
4373 4380
2399 2405
3924 4075
3253 3435
1801 1912
1013 1202
149 269
2382 2390
3924 3930
2079 2194
3 62
2952 3092
3151 3337
4237 4244
459 634
3040 3188
1210 1366
845 1036
2444 2675
1839 1953
3027 3032
2750 2879
2764 2890
2292 2405
3385 3580
3259 3261
4402 4407
2 28
1898 1904
3870 4041
1258 1401
4127 4251
2524 2642
426 432
3127 3135
3878 4198
1982 2096
2917 3057
1267 1402
915 1105
441 620
426 594
1290 1423
1498 1640
1945 2049
2957 3102
642 846
1357 1365
3937 4088
2847 2855
1513 1647
2567 2574
682 690
2785 2909
1722 1840
4095 4223
806 997
1693 1809
897 1091
4033 4183
3057 3197
4335 4393
3330 3521
3314 3322
3017 3018
947 1135
2832 2964
273 278
2970 3120
3742 3922
2891 2892
1556 1678
1099 1105
1639 1647
3823 4002
737 922
1322 1328
1321 1327
2236 2345
1013 1021
2024 2129
1366 1374
1467 1468
2733 2870
2285 2391
1541 1670
161 301
2464 2579
4223 4229
2095 2218
845 853
3886 4064
2410 2411
971 979
2211 2332
1168 1174
1580 1702
491 666
1602 1608
2526 2643
930 1105
1647 1772
3644 3839
1896 2008
1175 1329
1365 1505
1126 1281
2211 2324
1072 1250
2645 2763
1075 1076
1539 1669
1076 1079
4340 4392
53 54
4192 4306
156 289
466 649
1393 1398
3175 3348
3338 3339
601 607
374 539
1782 1899
3252 3434
3946 4096
4111 4236
2642 2764
1929 1937
1105 1111
1678 1686
3099 3267
3595 3782
1555 1685
3441 3635
1461 1466
3643 3830
2182 2301
3119 3306
47 125
450 633
3917 3923
3733 3910
2182 2188
275 276
3136 3323
3152 3338
13 14
3348 3544
2421 2429
2007 2121
1329 1464
3513 3715
53 56
2049 2057
1656 1779
1623 1631
1240 1246
3172 3173
2120 2121
2955 3095
2750 2757
1623 1740
2346 2461
3264 3453
2161 2276
838 846
160 161
2924 2932
4079 4216
805 997
1177 1330
1274 1408
3423 3611
420 578
861 1060
150 277
8 68
4216 4222
2301 2421
1210 1226
433 602
3291 3299
1875 1982
2009 2122
1257 1261
2429 2536
4306 4386
2011 2124
4275 4283
3733 3912
3197 3361
2260 2268
137 261
342 350
2652 2770
1174 1175
813 1004
1092 1096
3909 3910
3041 3181
595 602
861 1052
939 947
1595 1718
3170 3175
3368 3555
2758 2759
2445 2552
56 145
2953 3093
2474 2482
3758 3937
433 793
2498 2626
1832 1944
2958 2963
1772 1778
4283 4362
1842 1843
3759 3923
1974 2080
2994 3136
555 746
3676 3684
4390 4391
63 160
1954 2068
3863 4034
1081 1082
1142 1289
3604 3612
1029 1210
1663 1785
595 778
64 168
762 947
3255 3440
37 43
3270 3467
60 156
57 146
2121 2236
10 15
4025 4175
3528 3729
885 1074
2056 2169
2032 2040
4325 4330
16 22
4383 4388
2391 2507
2130 2245
2611 2734
1587 1593
3143 3322
992 1175
19 21
2 39
4191 4317
3815 3994
1422 1555
547 555
3651 3659
3620 3628
3535 3731
746 931
1446 1454
713 896
1447 1455
276 280
3171 3349
4330 4334
1044 1225
474 657
2567 2683
2640 2758
4313 4319
382 547
1765 1883
1490 1498
426 431
2544 2552
1998 2112
3276 3467
63 167
3282 3481
1289 1297
2770 2889
4305 4311
1461 1587
2901 3034
3910 4072
2785 2901
282 438
1648 1757
381 546
55 143
3726 3732
4034 4042
4088 4095
3513 3707
2792 2924
4215 4216
2210 2218
3160 3338
2700 2701
729 737
3954 4104
4283 4374
4376 4382
1649 1779
3242 3243
1563 1685
4082 4088
4328 4333
1817 1928
1104 1105
3212 3220
1530 1531
2588 2718
4160 4276
3244 3245
3911 4072
1794 1913
4368 4374
1782 1895
1382 1389
3105 3111
428 433
3080 3087
2560 2684
358 531
1724 1842
2776 2908
405 578
946 954
2124 2130
1781 1892
1889 1894
3453 3651
76 183
2235 2349
4211 4212
1194 1202
730 916
3314 3513
36 111
2901 2909
1166 1173
3986 4136
289 459
4136 4260
903 1091
31 37
3032 3173
1357 1489
437 612
666 862
2507 2619
1181 1187
2048 2153
1649 1773
4159 4167
2331 2452
3855 3863
1127 1274
4373 4379
3534 3538
3253 3434
3401 3409
238 373
995 996
2323 2559
2514 2520
2659 2667
2528 2535
214 349
147 148
2821 2947
1474 1607
1777 1894
1246 1251
397 554
3716 3908
3181 3354
4311 4316
2292 2406
2285 2515
3684 3871
1890 1998
3259 3260
4017 4025
4049 4198
1533 1534
3750 3929
610 611
3985 3993
222 357
1217 1373
1248 1249
215 350
2367 2491
96 206
1475 1482
1256 1258
862 1045
1423 1556
1958 1965
3048 3056
3247 3248
2879 3018
830 838
4324 4329
1366 1506
2277 2285
3361 3556
4050 4199
154 286
1793 1801
606 797
3384 3563
4403 4404
602 778
2064 2065
3196 3204
3119 3127
4397 4398
138 144
4236 4332
4183 4311
698 706
2646 2770
665 673
1193 1201
214 222
1099 1104
3298 3306
931 1119
1949 2061
2398 2514
3263 3264
3815 4002
2464 2580
608 793
4207 4213
3021 3024
2948 2949
1920 2032
4065 4071
1670 1678
3541 3736
3268 3274
4311 4317
2742 2863
2405 2521
261 405
1701 1825
4183 4305
1896 2009
2699 2823
4406 4409
2332 2340
1175 1328
2345 2349
1093 1097
3172 3346
1187 1194
3064 3072
1075 1079
2506 2626
2103 2226
4379 4413
