0
1
2
3
4
5
6
7
8
9
10
11
12
13
14
15
16
17
18
19
21
22
23
24
25
28
29
30
31
34
35
36
37
39
40
41
42
43
44
45
46
47
48
49
50
51
52
53
54
55
56
57
58
59
60
61
62
63
64
65
68
69
70
75
76
77
82
83
89
90
96
97
103
104
110
111
117
118
124
125
131
132
137
138
139
142
143
144
145
146
147
148
149
150
151
152
153
154
155
156
157
160
161
162
167
168
174
175
182
183
190
191
198
199
206
207
214
215
222
223
230
231
238
239
246
247
254
255
261
262
263
268
269
273
274
275
276
277
278
279
280
281
282
283
284
285
286
287
288
289
294
295
301
302
309
310
317
318
325
326
333
334
341
342
349
350
357
358
365
366
373
374
381
382
389
390
397
398
405
406
413
414
420
421
426
427
428
431
432
433
434
435
436
437
438
439
440
441
444
445
450
451
458
459
466
467
474
475
482
483
490
491
498
499
506
507
514
515
522
523
530
531
538
539
546
547
554
555
562
563
570
571
578
579
586
587
594
595
601
602
606
607
608
609
610
611
612
613
614
615
618
619
620
625
626
633
634
641
642
649
650
657
658
665
666
673
674
681
682
689
690
697
698
705
706
713
714
721
722
729
730
737
738
745
746
753
754
761
762
769
770
777
778
785
786
792
793
797
798
799
800
801
802
803
804
805
806
807
808
813
814
821
822
829
830
837
838
845
846
853
854
861
862
869
870
877
878
884
885
890
891
896
897
902
903
908
909
915
916
922
923
930
931
938
939
946
947
954
955
962
963
970
971
978
979
985
986
987
990
991
992
993
994
995
996
997
998
999
1004
1005
1006
1012
1013
1020
1021
1028
1029
1036
1037
1044
1045
1052
1053
1060
1061
1062
1067
1068
1072
1073
1074
1075
1076
1077
1078
1079
1080
1081
1082
1083
1084
1085
1086
1087
1088
1089
1090
1091
1092
1093
1094
1095
1096
1097
1098
1099
1100
1101
1104
1105
1106
1111
1112
1118
1119
1126
1127
1134
1135
1142
1143
1150
1151
1158
1159
1166
1167
1168
1173
1174
1175
1176
1177
1178
1179
1180
1181
1182
1185
1186
1187
1193
1194
1201
1202
1209
1210
1217
1218
1225
1226
1233
1234
1240
1241
1246
1247
1248
1249
1250
1251
1252
1253
1254
1255
1256
1257
1258
1259
1260
1261
1265
1266
1267
1273
1274
1281
1282
1289
1290
1297
1298
1305
1306
1313
1314
1315
1321
1322
1327
1328
1329
1330
1331
1332
1333
1334
1335
1336
1341
1342
1349
1350
1357
1358
1365
1366
1373
1374
1381
1382
1388
1389
1393
1394
1395
1396
1397
1398
1399
1400
1401
1402
1403
1406
1407
1408
1414
1415
1422
1423
1430
1431
1438
1439
1446
1447
1454
1455
1461
1462
1463
1464
1465
1466
1467
1468
1469
1470
1473
1474
1475
1481
1482
1489
1490
1497
1498
1505
1506
1513
1514
1521
1522
1527
1528
1529
1530
1531
1532
1533
1534
1535
1539
1540
1541
1547
1548
1555
1556
1563
1564
1571
1572
1579
1580
1587
1588
1593
1594
1595
1596
1597
1598
1599
1600
1601
1602
1607
1608
1615
1616
1623
1624
1631
1632
1639
1640
1647
1648
1649
1654
1655
1656
1657
1658
1659
1660
1661
1662
1663
1664
1669
1670
1677
1678
1685
1686
1693
1694
1701
1702
1709
1710
1711
1716
1717
1718
1719
1720
1721
1722
1723
1724
1725
1726
1727
1732
1733
1740
1741
1748
1749
1756
1757
1764
1765
1772
1773
1777
1778
1779
1780
1781
1782
1783
1784
1785
1786
1787
1793
1794
1801
1802
1809
1810
1817
1818
1825
1826
1832
1833
1834
1835
1836
1837
1838
1839
1840
1841
1842
1843
1844
1850
1851
1858
1859
1866
1867
1874
1875
1882
1883
1889
1890
1891
1892
1893
1894
1895
1896
1897
1898
1899
1904
1905
1912
1913
1920
1921
1928
1929
1936
1937
1944
1945
1946
1949
1950
1951
1952
1953
1954
1956
1957
1958
1959
1965
1966
1973
1974
1981
1982
1989
1990
1997
1998
2003
2004
2005
2006
2007
2008
2009
2010
2011
2015
2016
2024
2025
2032
2033
2040
2041
2048
2049
2056
2057
2061
2062
2063
2064
2065
2066
2067
2068
2070
2071
2072
2073
2079
2080
2087
2088
2095
2096
2103
2104
2111
2112
2117
2118
2119
2120
2121
2122
2123
2124
2125
2128
2129
2130
2137
2138
2145
2146
2153
2154
2161
2162
2169
2170
2175
2176
2177
2178
2179
2180
2181
2182
2183
2186
2187
2188
2194
2195
2202
2203
2210
2211
2218
2219
2226
2227
2232
2233
2234
2235
2236
2237
2238
2239
2240
2243
2244
2245
2252
2253
2260
2261
2268
2269
2276
2277
2284
2285
2290
2291
2292
2293
2294
2295
2296
2298
2299
2300
2301
2307
2308
2315
2316
2323
2324
2331
2332
2339
2340
2345
2346
2347
2348
2349
2350
2351
2352
2353
2357
2358
2359
2366
2367
2374
2375
2382
2383
2390
2391
2398
2399
2404
2405
2406
2407
2408
2409
2410
2411
2412
2413
2414
2420
2421
2428
2429
2436
2437
2444
2445
2452
2453
2459
2460
2461
2462
2463
2464
2465
2466
2467
2468
2469
2474
2475
2482
2483
2490
2491
2498
2499
2506
2507
2514
2515
2519
2520
2521
2522
2523
2524
2525
2526
2527
2528
2529
2535
2536
2543
2544
2551
2552
2559
2560
2567
2568
2574
2575
2576
2579
2580
2581
2582
2583
2584
2585
2586
2587
2588
2594
2595
2602
2603
2610
2611
2618
2619
2626
2627
2633
2634
2635
2638
2639
2640
2641
2642
2643
2644
2645
2646
2651
2652
2659
2660
2667
2668
2675
2676
2683
2684
2691
2692
2697
2698
2699
2700
2701
2702
2703
2704
2705
2709
2710
2711
2717
2718
2725
2726
2733
2734
2741
2742
2749
2750
2756
2757
2758
2759
2760
2761
2762
2763
2764
2765
2768
2769
2770
2776
2777
2784
2785
2792
2793
2800
2801
2808
2809
2815
2816
2820
2821
2822
2823
2824
2825
2826
2827
2828
2830
2831
2832
2838
2839
2846
2847
2854
2855
2862
2863
2870
2871
2878
2879
2884
2885
2886
2887
2888
2889
2890
2891
2892
2893
2894
2900
2901
2908
2909
2916
2917
2924
2925
2932
2933
2940
2941
2947
2948
2949
2952
2953
2954
2955
2956
2957
2958
2959
2960
2961
2962
2963
2964
2969
2970
2977
2978
2985
2986
2993
2994
3001
3002
3009
3010
3016
3017
3018
3021
3022
3023
3024
3025
3026
3027
3028
3032
3033
3034
3040
3041
3048
3049
3056
3057
3064
3065
3072
3073
3080
3081
3087
3088
3092
3093
3094
3095
3096
3097
3098
3099
3100
3101
3102
3105
3106
3111
3112
3119
3120
3127
3128
3135
3136
3143
3144
3151
3152
3159
3160
3165
3166
3167
3168
3169
3170
3171
3172
3173
3174
3175
3180
3181
3188
3189
3196
3197
3204
3205
3212
3213
3220
3221
3228
3229
3235
3236
3241
3242
3243
3244
3245
3246
3247
3248
3249
3250
3251
3252
3253
3254
3255
3256
3257
3258
3259
3260
3261
3262
3263
3264
3265
3266
3267
3268
3269
3270
3274
3275
3276
3282
3283
3290
3291
3298
3299
3306
3307
3314
3315
3322
3323
3330
3331
3337
3338
3339
3342
3343
3344
3345
3346
3347
3348
3349
3352
3353
3354
3360
3361
3368
3369
3376
3377
3384
3385
3392
3393
3400
3401
3408
3409
3416
3417
3423
3424
3429
3430
3434
3435
3436
3437
3440
3441
3442
3443
3446
3447
3448
3452
3453
3454
3459
3460
3466
3467
3473
3474
3481
3482
3489
3490
3497
3498
3505
3506
3513
3514
3521
3522
3528
3529
3533
3534
3535
3536
3537
3538
3539
3540
3541
3542
3543
3544
3547
3548
3549
3555
3556
3563
3564
3571
3572
3579
3580
3587
3588
3595
3596
3603
3604
3611
3612
3619
3620
3627
3628
3635
3636
3643
3644
3651
3652
3659
3660
3667
3668
3675
3676
3683
3684
3691
3692
3699
3700
3707
3708
3715
3716
3723
3724
3726
3729
3730
3731
3732
3733
3734
3735
3736
3737
3738
3742
3743
3744
3750
3751
3758
3759
3766
3767
3774
3775
3782
3783
3790
3791
3798
3799
3806
3807
3814
3815
3822
3823
3830
3831
3838
3839
3846
3847
3854
3855
3862
3863
3870
3871
3878
3879
3886
3887
3894
3895
3901
3902
3907
3908
3909
3910
3911
3912
3913
3914
3915
3916
3917
3921
3922
3923
3924
3929
3930
3937
3938
3945
3946
3953
3954
3961
3962
3969
3970
3977
3978
3985
3986
3993
3994
4001
4002
4009
4010
4017
4018
4025
4026
4033
4034
4041
4042
4049
4050
4057
4058
4064
4065
4069
4070
4071
4072
4073
4074
4075
4076
4077
4078
4079
4080
4081
4082
4083
4088
4089
4095
4096
4103
4104
4111
4112
4119
4120
4127
4128
4135
4136
4143
4144
4151
4152
4159
4160
4167
4168
4175
4176
4183
4184
4191
4192
4198
4199
4204
4205
4206
4207
4209
4210
4211
4212
4213
4214
4215
4216
4217
4218
4219
4220
4221
4222
4223
4224
4229
4230
4236
4237
4243
4244
4251
4252
4259
4260
4267
4268
4275
4276
4283
4284
4291
4292
4298
4299
4305
4306
4311
4312
4313
4316
4317
4318
4319
4320
4321
4322
4323
4324
4325
4326
4327
4328
4329
4330
4331
4332
4333
4334
4335
4336
4337
4338
4339
4340
4343
4344
4345
4349
4350
4351
4356
4357
4362
4363
4368
4369
4373
4374
4375
4376
4379
4380
4381
4382
4383
4384
4385
4386
4387
4388
4389
4390
4391
4392
4393
4394
4395
4396
4397
4398
4399
4400
4401
4402
4403
4404
4405
4406
4407
4408
4409
4410
4411
4412
4413
