3460 3660 3668
3603 3611 3798
167 174 309
1892 1893 2006
2170 2285 2399
1053 1241 1247
2064 2065 2178
579 754 762
3854 4017 4025
3692 3879 3887
869 1060 1067
613 618 807
2954 3088 3236
4325 4326 4330
59 154 155
1072 1073 1251
60 156 162
3298 3489 3497
2640 2641 2759
3579 3587 3766
2701 2820 2821
3855 4018 4026
1664 1670 1782
3048 3188 3196
2668 2676 2793
2240 2350 2351
3977 4119 4127
1313 1438 1446
2008 2122 2125
3168 3342 3345
618 625 813
3543 3549 3738
426 594 601
3094 3095 3244
995 1181 1182
268 413 420
2177 2292 2293
1685 1693 1809
3159 3165 3343
1358 1490 1498
3241 3246 3423
1944 2056 2062
2627 2635 2757
1265 1266 1407
1468 1473 1601
1826 1937 1945
3791 3799 3970
2582 2699 2700
2909 2917 3049
754 762 947
4383 4384 4413
2237 2351 2352
282 438 441
987 992 1168
3346 3347 3541
1597 1720 1721
1773 1891 2004
4284 4363 4369
341 506 514
1764 1772 1882
3759 3767 3938
1306 1314 1447
1422 1430 1555
2299 2300 2413
2709 2830 2831
2626 2633 2749
47 48 52
2764 2889 2890
800 987 993
1250 1251 1398
1077 1078 1081
3691 3870 3878
1314 1315 1322
806 998 1004
3429 3619 3627
1662 1784 1785
3490 3684 3692
3160 3338 3339
3252 3254 3255
657 665 853
2117 2232 2236
931 939 1119
586 769 777
3945 3953 4103
1563 1571 1693
1802 1913 1921
2349 2463 2464
1084 1087 1088
4083 4215 4219
2954 3094 3095
1186 1341 1349
24 30 31
150 276 277
2901 2909 3041
2820 2824 2952
1556 1564 1686
3902 3909 4071
230 365 373
1267 1274 1408
3337 3343 3534
18 24 25
2758 2885 2886
3338 3529 3535
3549 3738 3744
1482 1490 1624
2452 2567 2574
2071 2072 2187
3879 4042 4050
3895 4058 4065
1209 1373 1505
3448 3636 3644
3264 3268 3269
3205 3213 3377
1958 1965 2079
3543 3734 3738
2353 2469 2475
1920 2032 2040
3543 3544 3734
1260 1265 1266
76 77 175
3453 3459 3651
954 962 1134
2324 2437 2445
2129 2243 2244
1949 1952 2065
2499 2611 2619
3985 3993 4135
2870 3001 3009
2949 2954 3088
2292 2405 2406
1787 1899 1905
2331 2444 2452
2296 2298 2411
4222 4326 4327
3384 3392 3579
1044 1052 1233
1077 1080 1081
1298 1306 1439
3393 3580 3588
1937 1945 2049
586 594 777
522 697 705
3692 3871 3879
1072 1077 1078
4069 4073 4074
1094 1098 1099
1297 1305 1430
273 274 279
58 153 157
2323 2436 2559
1439 1564 1572
792 798 985
3347 3541 3542
2697 2815 2821
939 947 1127
1240 1246 1398
70 77 175
1 39 44
1400 1403 1532
10 11 15
0 19 21
634 642 830
3815 3978 3994
3290 3298 3481
547 730 738
1989 2095 2103
4217 4222 4223
3073 3205 3213
2536 2544 2660
58 59 154
444 618 625
2640 2758 2759
2112 2227 2340
1532 1660 1661
3258 3259 3261
2268 2276 2390
275 427 428
2529 2646 2652
3248 3249 3252
2900 3032 3033
3429 3611 3619
721 729 908
3514 3522 3724
317 325 482
1693 1701 1817
1950 2061 2062
3393 3401 3588
2088 2096 2211
2409 2414 2524
2515 2521 2635
1777 1781 1893
3909 4071 4072
2733 2862 2870
2137 2244 2252
955 1135 1143
4243 4251 4338
55 137 143
2461 2462 2581
3894 3901 4064
3094 3242 3243
2535 2543 2651
2948 2949 3088
104 215 223
3994 4002 4152
2453 2460 2568
854 1037 1045
902 1090 1094
1841 1954 1956
1883 1998 2104
805 806 997
2011 2124 2125
3635 3643 3830
614 620 808
3572 3759 3767
4160 4276 4292
4096 4224 4230
1514 1648 1649
149 275 276
1959 1966 2073
8 68 75
1839 1840 1953
4330 4334 4335
3715 3894 3901
2862 2870 3001
547 555 738
3588 3596 3783
2760 2761 2888
3907 3912 4074
2526 2644 2645
1773 1779 1891
275 276 428
3921 3922 3929
1784 1785 1897
2332 2340 2453
1067 1246 1251
619 626 822
2188 2308 2421
3385 3572 3580
148 268 274
1555 1677 1685
2390 2498 2506
4 8 68
174 182 317
1657 1780 1781
2482 2490 2610
2104 2112 2219
862 870 1061
2514 2520 2639
52 132 139
36 37 43
2180 2183 2296
4050 4058 4205
546 554 737
1867 1974 1982
1097 1255 1256
861 869 1060
4143 4151 4275
2340 2346 2460
1777 1893 1894
381 538 546
3716 3902 3908
2469 2475 2588
2960 2961 3102
1835 1951 1952
3612 3620 3807
2887 2888 3021
357 522 530
3097 3241 3246
14 15 19
255 262 263
2742 2750 2871
1076 1253 1254
2475 2483 2595
4026 4034 4184
806 807 1004
30 97 104
45 49 50
421 587 595
3261 3265 3266
992 1174 1175
2584 2702 2705
4319 4320 4390
1732 1740 1858
4368 4404 4408
2428 2436 2551
804 995 996
295 302 467
59 63 160
2579 2580 2697
1097 1098 1256
2959 3101 3106
2594 2710 2717
1787 1794 1905
2238 2357 2467
2583 2588 2711
2692 2809 2816
2932 3056 3064
1949 2061 2065
994 1176 1177
642 838 846
2886 2887 3023
3528 3723 3729
2519 2523 2638
2700 2820 2824
51 55 131
124 238 246
273 278 279
1482 1616 1624
2792 2916 2924
4384 4385 4389
962 970 1134
1580 1588 1710
2523 2638 2641
3016 3159 3165
1898 2010 2016
1920 1928 2040
420 578 586
3814 3822 3830
3 6 7
3258 3442 3443
2073 2182 2188
4376 4381 4382
155 288 294
2188 2195 2308
2357 2467 2587
1835 1836 1952
4206 4319 4322
1949 1950 2061
2770 2777 2894
2924 3048 3056
4160 4168 4292
1053 1061 1247
3101 3106 3276
2839 2847 2986
3384 3571 3579
1953 1959 2067
3322 3330 3521
3921 3929 4082
1654 1659 1777
3368 3376 3563
4363 4369 4405
3151 3330 3337
4320 4321 4391
3064 3072 3204
4283 4368 4374
3252 3255 3434
4402 4403 4407
2040 2048 2153
54 55 142
1765 1773 1890
3160 3166 3339
151 277 278
1834 1946 1951
2465 2466 2584
1447 1455 1580
2646 2764 2770
1462 1588 1594
2130 2245 2253
3119 3290 3306
1555 1563 1685
3189 3197 3361
538 546 721
2552 2668 2676
1104 1111 1260
801 802 994
3441 3447 3635
4343 4349 4396
1225 1381 1388
1527 1531 1659
5 70 77
2177 2291 2292
978 1150 1158
1388 1394 1527
885 1068 1074
3099 3266 3267
3547 3737 3742
1709 1716 1832
613 806 807
3644 3652 3839
507 690 698
1670 1782 1787
398 406 563
255 262 398
2324 2332 2445
2299 2412 2527
168 175 318
1580 1702 1710
1649 1773 1779
2956 3096 3097
3737 3915 3916
125 239 247
3105 3274 3282
1844 1851 1859
3247 3424 3430
2644 2762 2763
4025 4167 4175
3533 3729 3733
2908 3033 3040
3930 4083 4089
3660 3839 3847
0 21 28
992 1175 1176
3255 3257 3440
3253 3434 3435
137 246 254
1998 2104 2112
2483 2491 2603
43 48 49
2277 2383 2391
1639 1647 1772
3242 3243 3247
3245 3246 3253
870 1062 1068
341 349 514
2178 2179 2294
2428 2543 2551
1596 1718 1719
3100 3267 3268
1406 1534 1539
1732 1850 1858
1226 1234 1382
499 507 682
2128 2237 2238
1513 1521 1647
246 254 389
3235 3408 3416
280 281 435
2015 2128 2243
58 61 62
2296 2410 2411
807 813 1004
89 190 198
1785 1786 1898
2884 2888 3022
2825 2828 2961
3331 3522 3529
406 571 579
3862 3870 4041
2096 2211 2219
546 729 737
1832 1838 1944
1784 1896 1897
3 4 62
2032 2137 2145
1052 1060 1233
1408 1535 1541
155 160 161
3024 3167 3168
2749 2878 2884
1756 1866 1874
275 421 427
3628 3815 3823
3901 4064 4070
2986 2994 3136
2652 2660 2777
4351 4357 4397
2809 2816 2941
1365 1497 1505
2959 2960 3101
2651 2769 2776
2769 2776 2900
2635 2757 2758
4222 4223 4327
2521 2522 2640
2954 3094 3236
1867 1875 1982
3257 3446 3452
4026 4176 4184
437 614 620
3228 3400 3408
2358 2468 2474
3360 3368 3555
3911 3912 4074
3022 3165 3169
3435 3440 3441
3886 4057 4198
12 16 17
2633 2639 2756
2800 2924 2932
3344 3345 3536
3010 3017 3160
2985 3127 3135
1474 1481 1615
3699 3707 3894
2407 2522 2523
1403 1532 1535
3962 4112 4120
1836 1949 1952
4065 4071 4211
1654 1777 1778
3921 4077 4081
2705 2711 2832
1357 1365 1489
302 310 467
615 803 804
3417 3596 3604
1647 1654 1778
3945 4088 4095
3659 3846 3854
2948 3081 3088
3270 3276 3467
808 814 1006
3734 3738 3913
896 1082 1086
14 18 19
222 357 365
3275 3473 3481
426 431 432
1533 1661 1662
2618 2626 2741
2580 2691 2697
2703 2704 2825
1088 1089 1093
2483 2595 2603
162 295 302
4335 4392 4393
2816 2822 2948
3021 3024 3169
152 156 289
3073 3213 3221
2551 2559 2667
530 538 721
1350 1482 1490
156 162 295
1497 1615 1623
2964 3106 3112
1793 1801 1904
182 325 333
2575 2684 2692
3073 3081 3221
897 1087 1091
1981 2095 2202
3587 3774 3782
3831 4002 4010
458 633 641
1662 1663 1785
909 1095 1100
793 799 986
1579 1701 1709
3274 3275 3282
1246 1251 1398
2526 2643 2644
458 466 641
2956 3092 3097
1150 1297 1305
1825 1928 1936
2180 2181 2298
1513 1639 1647
1649 1765 1773
1883 1890 1998
282 286 287
4369 4375 4376
1289 1297 1422
1335 1468 1473
2358 2366 2474
2323 2444 2559
1921 2025 2033
2610 2725 2733
2348 2462 2463
1474 1732 1740
1399 1400 1403
1528 1655 1656
713 721 908
3213 3221 3393
897 1083 1087
979 986 1168
3533 3534 3729
432 606 607
4136 4144 4260
3572 3751 3759
48 50 53
2284 2290 2404
3863 4026 4034
2993 3001 3143
754 939 947
2437 2445 2552
2683 2808 2932
1981 2087 2202
769 954 962
57 146 147
2506 2626 2633
3307 3498 3506
4268 4357 4363
1632 1640 1749
2235 2236 2349
2122 2125 2240
2522 2523 2641
806 997 998
2298 2411 2412
3628 3636 3823
1929 1937 2041
665 673 861
1608 1616 1733
4375 4376 4381
2710 2717 2846
985 1158 1166
432 601 607
4251 4344 4350
3854 3862 4025
1990 2096 2104
2633 2749 2756
514 522 697
83 90 97
2468 2587 2709
2145 2153 2260
3862 4033 4041
1783 1895 1896
2048 2056 2161
1966 2073 2195
2347 2461 2462
4292 4299 4375
1953 2067 2068
3643 3838 3846
2584 2702 2703
5 9 77
4312 4313 4386
1194 1350 1358
342 507 515
804 996 997
435 436 611
231 239 374
2717 2846 2854
1648 1649 1765
1182 1332 1336
3314 3505 3513
5 64 65
89 96 198
829 1028 1036
3878 3886 4198
2421 2429 2536
3263 3264 3452
1085 1088 1089
4313 4387 4390
3497 3699 3707
437 438 612
3298 3306 3505
3291 3482 3490
3446 3452 3453
5 6 65
1937 2041 2049
3915 3916 4077
2827 2959 2964
4384 4388 4389
3315 3506 3514
610 800 801
3361 3369 3556
769 777 962
278 281 431
1702 1810 1818
1395 1396 1529
214 222 349
923 1100 1106
2420 2535 2543
182 317 325
3171 3346 3349
1571 1579 1701
2957 2961 3102
762 947 955
2491 2499 2611
4379 4384 4385
4349 4396 4400
2676 2793 2801
4136 4144 4152
1174 1175 1328
2644 2645 2763
262 269 414
4034 4042 4192
4111 4119 4243
16 21 22
1587 1593 1716
606 607 798
3440 3441 3446
3715 3723 3901
3263 3267 3268
3255 3434 3440
3188 3196 3360
1258 1259 1401
2619 2627 2750
1083 1084 1087
2705 2827 2832
2959 2964 3106
3660 3847 3855
2453 2560 2568
35 110 117
1594 1595 1717
1892 2005 2006
673 869 877
3619 3627 3814
2642 2643 2765
1530 1531 1658
3902 3908 3909
2659 2667 2784
2124 2125 2239
641 649 837
1314 1447 1455
333 341 498
2345 2459 2464
3098 3265 3266
2925 3065 3205
466 474 657
1282 1415 1423
2784 2908 2916
2809 2933 3065
1844 1959 1966
2429 2437 2544
4259 4267 4350
96 198 206
58 59 62
1490 1624 1632
3261 3262 3266
3446 3447 3453
2292 2399 2405
2066 2068 2180
1005 1013 1194
507 515 698
3521 3715 3723
46 51 131
1111 1118 1266
2405 2515 2521
3838 4009 4017
2359 2367 2483
2953 3092 3093
357 365 530
2901 3034 3041
4237 4333 4339
440 445 620
4144 4160 4276
4089 4219 4224
4151 4159 4275
3758 3766 3937
1395 1528 1529
3489 3683 3691
682 690 878
3416 3603 3611
1749 1867 1875
6 7 10
1595 1717 1718
1809 1817 1920
24 30 97
3660 3676 3855
1733 1844 1859
3040 3048 3188
998 1185 1186
3283 3291 3474
803 999 1006
1506 1514 1648
21 22 28
625 813 821
3262 3263 3267
1489 1497 1615
3563 3571 3750
4329 4333 4334
18 24 83
4010 4152 4160
3726 3730 3908
1174 1322 1328
146 147 151
1167 1168 1315
1020 1201 1209
2576 2581 2698
4119 4127 4243
3087 3093 3235
1079 1080 1084
277 280 281
2162 2277 2285
4373 4379 4411
4394 4397 4398
3806 3814 3822
3196 3360 3368
2576 2692 2698
916 923 1100
282 285 286
612 615 805
1998 2112 2118
2952 2956 3092
3027 3032 3173
3482 3490 3684
612 613 805
3212 3376 3384
148 273 274
3726 3730 3731
4335 4336 4393
350 358 515
149 263 269
2226 2331 2339
183 191 334
3291 3299 3498
3907 4070 4074
1817 1920 1928
3248 3251 3252
2839 2978 2986
2891 3026 3027
4230 4237 4328
1093 1094 1098
803 804 995
3978 3986 3994
1350 1358 1490
555 571 746
3726 3732 3910
690 698 891
4324 4328 4329
2375 2383 2499
1781 1892 1893
4216 4217 4222
2704 2825 2826
897 903 1091
1076 1077 1254
2243 2244 2358
4205 4206 4211
238 373 389
785 970 978
2474 2594 2602
4236 4243 4338
554 562 570
1721 1837 1838
2638 2639 2761
4080 4081 4217
3684 3692 3871
2742 2863 2871
289 451 459
2323 2331 2444
4357 4401 4405
990 994 1177
1893 1894 2006
90 199 207
2203 2316 2324
1241 1247 1395
3535 3730 3731
570 753 761
1467 1470 1599
30 36 111
154 286 287
294 301 458
36 42 43
4344 4349 4350
1333 1467 1470
83 90 191
896 902 908
1455 1462 1588
1716 1832 1838
3376 3384 3563
2639 2756 2761
626 634 830
4050 4199 4205
990 1173 1178
3346 3349 3539
459 634 642
3482 3668 3676
206 333 341
3924 4075 4078
1248 1252 1253
2955 2956 3095
3895 3902 4065
6 9 10
104 207 215
1225 1233 1240
2824 2955 2956
2239 2350 2353
1248 1249 1253
3521 3528 3723
930 1105 1111
4167 4175 4291
562 570 753
1777 1778 1894
1786 1793 1898
2383 2391 2507
2584 2585 2703
1928 1936 2048
276 277 280
1112 1261 1402
3049 3189 3197
1936 1944 2056
152 153 285
1020 1028 1209
4069 4070 4210
48 49 50
168 310 318
1173 1178 1327
1142 1281 1289
1336 1469 1475
3416 3423 3611
2070 2071 2072
3541 3547 3736
1532 1533 1661
2947 2953 3093
4112 4230 4237
2399 2405 2515
713 896 908
3954 3962 4104
4401 4405 4406
4399 4402 4403
1076 1079 1080
145 146 150
4072 4073 4212
4103 4229 4236
3544 3734 3735
2543 2651 2659
2061 2065 2179
4401 4402 4406
1366 1498 1506
2268 2382 2390
3723 3901 3907
2760 2886 2887
110 117 230
595 770 778
846 854 1037
2610 2618 2733
365 530 538
491 666 674
4311 4316 4389
281 435 436
342 350 515
3782 3790 3961
2004 2118 2119
2475 2588 2595
3027 3172 3173
2826 2962 2963
3111 3282 3290
2120 2234 2235
29 34 35
4306 4312 4386
2691 2697 2815
1726 1727 1839
3189 3354 3361
2464 2579 2580
3871 4034 4042
1782 1783 1895
4144 4260 4268
1045 1053 1061
916 923 931
1209 1365 1505
1142 1150 1297
4041 4049 4191
2699 2700 2823
1400 1533 1534
1851 1974 2080
4345 4351 4397
786 971 979
4306 4381 4386
3339 3535 3536
1623 1740 1748
1179 1180 1334
405 413 578
2366 2374 2482
4095 4223 4229
3659 3667 3675
1780 1891 1892
4410 4412 4413
1088 1092 1093
4400 4403 4404
4088 4095 4218
269 275 421
428 433 434
2465 2583 2584
1273 1407 1414
1541 1664 1670
1158 1166 1313
4 7 8
3243 3244 3248
1974 2080 2088
1982 1990 2096
4320 4321 4323
2008 2011 2125
4206 4207 4211
2725 2854 2862
2459 2574 2580
154 155 287
658 846 854
4205 4206 4318
1521 1647 1654
714 730 909
1259 1265 1401
2521 2635 2640
110 214 222
1588 1710 1711
2103 2218 2226
52 56 139
2332 2445 2453
1290 1423 1431
1889 1894 2007
3759 3923 3930
3235 3241 3416
2957 2958 3100
2122 2237 2240
3514 3716 3724
3256 3259 3443
3946 3954 4104
2769 2893 2900
3072 3204 3212
3001 3143 3151
1710 1818 1826
4079 4216 4217
4383 4412 4413
1836 1837 1949
1719 1835 1836
3346 3539 3540
3539 3540 3544
4330 4335 4336
2506 2514 2633
4326 4330 4331
554 562 737
1098 1104 1256
1076 1077 1080
4111 4236 4243
2284 2398 2404
4049 4191 4317
1464 1465 1596
3173 3174 3352
1096 1097 1255
261 405 413
3120 3128 3307
3916 3921 4077
2057 2170 2176
3417 3424 3612
3791 3954 3962
2515 2634 2635
1717 1718 1834
4176 4292 4299
2404 2408 2520
2444 2452 2567
3595 3782 3790
3571 3758 3766
3315 3323 3514
55 142 143
3360 3548 3555
1882 1997 2003
2770 2889 2894
420 586 594
3259 3261 3262
2161 2268 2276
30 31 36
2466 2585 2586
2964 2970 3112
3542 3547 3548
730 909 916
1649 1655 1779
785 962 970
96 103 214
610 797 801
2595 2718 2726
174 309 474
42 118 125
2793 2909 2917
1274 1408 1415
3735 3737 3915
955 963 1143
2465 2469 2583
799 986 987
1218 1366 1374
57 142 147
3767 3938 3946
2292 2293 2406
746 931 939
1181 1182 1336
4283 4362 4368
1112 1267 1402
4267 4350 4356
2095 2210 2218
68 69 167
1075 1076 1253
2118 2227 2233
3241 3416 3423
862 1045 1061
1101 1106 1257
1474 1607 1732
23 29 103
2103 2111 2226
1757 1883 1990
4221 4325 4326
3497 3505 3707
1111 1260 1266
1248 1395 1396
144 145 149
3168 3344 3345
4276 4284 4363
3437 3442 3443
909 916 1100
3056 3196 3204
1225 1240 1388
3863 3871 4034
4076 4077 4080
1430 1438 1563
3018 3023 3167
4057 4198 4204
2391 2515 2634
1175 1176 1330
3555 3743 3750
2832 2964 2970
1596 1597 1720
2186 2298 2299
2237 2240 2351
1912 2024 2032
2175 2284 2290
1241 1395 1528
2627 2750 2757
878 885 1068
3489 3497 3691
3290 3298 3306
992 993 1176
3256 3257 3260
2048 2153 2161
3822 3993 4001
3430 3436 3620
4392 4394 4395
2232 2236 2345
1119 1127 1267
3057 3197 3205
3902 4065 4071
2407 2408 2523
2005 2006 2120
579 587 762
1257 1258 1399
3221 3393 3401
382 398 563
1709 1825 1832
2 34 40
821 829 1020
1601 1724 1725
4219 4224 4324
595 602 778
3506 3514 3708
2839 2970 2978
4340 4392 4394
3167 3168 3344
1588 1594 1711
4042 4050 4199
1541 1548 1670
1724 1725 1843
2660 2777 2785
326 334 499
1473 1474 1607
2295 2301 2409
2299 2413 2527
4316 4389 4391
1839 1844 1959
3946 4096 4104
283 288 444
2088 2203 2211
1702 1710 1818
798 802 991
1891 1892 2005
1021 1202 1210
451 626 634
3242 3409 3417
1716 1721 1838
3529 3724 3730
2793 2801 2917
4192 4306 4312
1882 1889 2003
2308 2421 2429
1127 1267 1274
2994 3136 3144
4402 4406 4407
922 930 1105
2764 2765 2890
2762 2891 2892
4393 4395 4396
746 754 939
2040 2145 2153
60 64 65
44 45 49
618 807 813
2970 2978 3120
2070 2071 2181
3536 3537 3731
2460 2568 2575
2118 2119 2233
43 44 49
0 2 28
3025 3170 3171
2490 2610 2618
642 650 846
3034 3170 3175
1091 1092 1096
1896 1897 2009
3917 3924 4075
3916 3921 3922
2006 2007 2121
3040 3180 3188
47 125 132
2887 3023 3024
405 570 578
1447 1572 1580
3528 3534 3729
2194 2307 2315
1067 1073 1251
1838 1944 1950
869 877 1067
3247 3251 3430
1415 1541 1548
2300 2307 2420
125 132 247
3033 3040 3180
786 979 986
2067 2068 2183
3330 3521 3528
2260 2268 2382
2301 2409 2414
2691 2808 2815
2808 2940 3064
76 83 191
2651 2768 2769
2079 2187 2194
1833 1945 1946
1202 1210 1366
586 761 769
3676 3855 3863
2827 2828 2959
431 432 436
2117 2121 2236
3106 3112 3283
1725 1843 1850
482 490 665
1089 1090 1094
1462 1463 1594
2947 3087 3093
2154 2269 2277
3738 3744 3917
3196 3204 3368
1547 1555 1677
3580 3767 3775
3915 4076 4077
1166 1173 1321
1062 1068 1252
3540 3541 3736
3700 3708 3887
1772 1778 1889
3197 3205 3377
262 406 414
3533 3732 3733
1858 1965 1973
4395 4398 4399
1168 1174 1315
1640 1648 1757
1945 1946 2176
1446 1454 1579
2831 2838 2969
2507 2627 2634
4284 4369 4375
4362 4368 4404
1837 1949 1950
1785 1897 1898
4183 4191 4311
938 1118 1126
2351 2465 2466
3250 3429 3435
1883 1990 2104
3847 3855 4018
3197 3369 3377
1005 1187 1194
3994 4136 4152
2700 2701 2820
1178 1327 1461
1463 1464 1595
1748 1858 1973
490 673 681
1532 1535 1660
2544 2660 2668
2405 2406 2521
1201 1357 1365
1446 1571 1579
1973 1981 2087
3213 3377 3385
1954 1956 2066
2820 2821 2953
3744 3917 3923
633 829 837
174 317 474
2717 2725 2854
2080 2088 2203
4033 4041 4191
1193 1201 1357
3400 3408 3595
2957 3099 3102
2269 2277 2383
132 138 139
3172 3173 3347
1402 1403 1535
1332 1333 1470
1406 1539 1540
4209 4321 4323
143 148 268
770 778 963
1331 1465 1466
1266 1273 1407
3556 3564 3751
46 124 131
491 499 682
1723 1724 1842
15 19 21
2187 2300 2307
3879 3887 4058
4206 4207 4322
642 830 838
778 963 971
1840 1841 1954
2994 3002 3144
2146 2154 2269
1086 1089 1090
2507 2619 2627
4076 4078 4079
547 722 730
2123 2128 2237
4236 4332 4338
4291 4298 4374
3322 3513 3521
778 786 971
970 1142 1150
1175 1328 1329
1143 1151 1290
2016 2024 2129
2808 2932 3064
2642 2646 2764
23 96 103
3025 3028 3170
445 451 626
70 168 175
4319 4320 4322
3275 3282 3481
2846 2977 2985
2776 2784 2908
2699 2822 2823
3345 3536 3537
801 993 994
63 160 167
2352 2466 2467
798 985 991
570 578 761
1748 1866 1973
1093 1097 1098
1256 1259 1260
2137 2145 2252
2588 2711 2718
1954 2066 2068
2187 2194 2307
1393 1397 1530
4326 4327 4331
2261 2367 2375
1158 1305 1313
3127 3306 3314
2651 2659 2776
797 798 802
4251 4338 4344
1402 1408 1535
1174 1315 1322
282 285 441
18 19 25
374 382 547
2025 2130 2138
578 586 761
3072 3212 3220
1249 1396 1397
444 450 625
8 11 12
2888 3021 3022
2066 2070 2181
3424 3430 3620
2825 2961 2962
3369 3377 3564
149 150 276
2350 2465 2469
1334 1335 1468
3783 3791 3954
2702 2705 2827
3353 3542 3548
1965 1973 2087
231 374 539
1087 1088 1092
3180 3188 3353
3016 3022 3165
3775 3946 3954
1175 1329 1330
2762 2890 2891
814 822 1013
3726 3909 3910
1036 1044 1217
3822 3985 3993
971 979 1159
2112 2219 2340
55 131 137
2066 2180 2181
2463 2579 2582
3684 3863 3871
738 916 931
3166 3167 3344
3348 3354 3543
3026 3171 3172
76 183 191
2684 2809 2933
885 1074 1083
1866 1973 1981
3513 3521 3715
4268 4276 4363
1334 1467 1468
2776 2900 2908
1726 1839 1844
2071 2181 2186
3699 3886 3894
2892 3027 3032
1342 1475 1482
2460 2575 2576
1953 1954 2068
2762 2763 2892
467 475 650
17 22 23
3913 3914 4075
997 998 1180
2941 3073 3081
714 903 909
3257 3260 3452
2025 2033 2138
3938 3946 4096
761 769 946
3627 3635 3814
59 155 160
4192 4199 4312
3268 3269 3274
1373 1505 1513
2838 2969 2977
1540 1547 1669
777 785 962
2855 2994 3002
2032 2040 2145
288 294 450
1474 1615 1740
149 269 275
1514 1522 1655
2551 2659 2667
1658 1659 1781
986 987 1168
4395 4396 4399
2194 2202 2315
3830 3838 4001
4089 4096 4224
4209 4210 4214
1531 1658 1659
3774 3782 3953
4260 4268 4351
2519 2638 2639
3400 3579 3587
47 52 132
1660 1664 1782
1660 1661 1783
2234 2347 2348
1079 1083 1084
1177 1178 1331
4002 4010 4152
3087 3220 3228
3870 3878 4041
3733 3910 3911
4305 4311 4385
1840 1953 1954
2784 2792 2916
4333 4339 4340
3258 3448 3454
995 999 1181
3732 3733 3910
1314 1322 1455
2406 2407 2522
3 61 62
2015 2123 2128
1793 1898 1904
2301 2414 2421
1329 1330 1465
3269 3274 3275
1837 1838 1950
1701 1709 1825
3986 4120 4128
2391 2507 2634
310 318 483
2491 2603 2611
2644 2762 2765
515 523 698
1794 1905 1913
437 612 615
2879 2885 3018
1946 2063 2176
2568 2575 2684
3962 4104 4112
2718 2839 2847
261 268 413
76 175 183
3377 3385 3564
1720 1836 1837
104 111 223
1670 1678 1787
1981 1989 2095
3282 3290 3481
3429 3435 3627
1407 1414 1540
3537 3731 3732
2940 3072 3080
2294 2407 2408
1321 1446 1454
238 246 389
1718 1834 1835
753 761 946
992 1168 1174
3096 3097 3245
4219 4220 4324
1250 1393 1397
2462 2463 2582
3659 3675 3854
2758 2759 2886
1297 1422 1430
2692 2698 2816
3400 3587 3595
450 625 633
52 53 56
3986 4128 4136
971 1151 1159
601 607 792
3002 3010 3152
1210 1218 1226
608 609 799
3460 3652 3839
1669 1677 1793
3993 4143 4151
3049 3057 3197
3338 3339 3535
301 309 474
182 190 333
614 808 1006
334 342 499
254 397 405
2285 2391 2515
1850 1858 1965
3806 3969 3985
1598 1602 1727
1439 1447 1572
2560 2568 2684
3651 3659 3846
3180 3352 3353
3791 3962 3970
4071 4211 4212
829 1020 1028
1952 2064 2065
3604 3783 3791
2498 2618 2626
277 278 281
2726 2847 2855
1118 1266 1273
2646 2652 2770
674 862 870
2350 2351 2465
1159 1298 1306
884 1073 1078
1104 1256 1260
802 990 991
1187 1342 1350
2668 2785 2793
1535 1541 1664
4405 4406 4409
1166 1313 1321
674 682 878
147 148 273
3831 3847 4010
1608 1726 1733
466 641 649
4057 4064 4210
1328 1329 1463
1329 1463 1464
2128 2238 2243
2413 2527 2528
4229 4236 4332
1074 1079 1083
82 89 190
4284 4292 4375
1305 1430 1438
2594 2709 2710
2170 2291 2399
2010 2015 2016
1818 1826 1937
153 154 286
1182 1332 1333
4334 4335 4392
4009 4151 4159
1497 1623 1631
1563 1685 1693
2579 2697 2701
2161 2169 2276
1098 1099 1104
11 12 16
2015 2129 2243
1028 1217 1373
1773 1890 2004
2203 2308 2316
2697 2701 2821
4069 4070 4074
1616 1733 1741
4283 4291 4374
1997 2103 2111
998 1180 1185
451 459 634
3099 3100 3267
2993 3135 3143
2777 2785 2901
1028 1036 1217
4311 4385 4389
4168 4176 4292
4409 4410 4412
3323 3514 3522
1851 1859 1974
673 861 869
152 153 157
2734 2855 2863
978 985 1158
4127 4251 4259
1997 2003 2111
1548 1556 1678
1548 1670 1678
3181 3189 3354
2233 2234 2347
1217 1225 1381
2957 2958 2962
2854 2985 2993
35 103 110
2111 2117 2232
2295 2409 2410
1473 1474 1481
1801 1904 1912
3497 3691 3699
2033 2138 2146
3243 3247 3248
2238 2243 2357
745 922 930
1180 1185 1335
5 64 70
4199 4312 4318
2253 2359 2367
1249 1253 1254
2410 2411 2525
3953 4103 4111
2704 2826 2830
3708 3887 3895
1134 1142 1281
2618 2733 2741
2211 2219 2332
4340 4345 4394
69 75 190
4144 4268 4276
1240 1394 1398
2822 2823 2949
4392 4393 4395
1661 1662 1784
2826 2830 2831
2941 2948 3081
1037 1045 1234
3729 3733 3912
1414 1422 1547
3098 3101 3102
1469 1602 1608
1587 1709 1716
2357 2358 2468
3459 3651 3659
4305 4380 4385
2238 2352 2467
45 50 51
1894 2006 2007
59 62 63
3691 3699 3878
3032 3173 3174
414 579 587
2611 2619 2742
1598 1722 1727
301 466 474
60 61 157
1718 1719 1835
3699 3878 3886
822 1013 1021
1656 1657 1780
2815 2821 2947
64 162 168
3535 3536 3731
3245 3249 3253
175 183 318
2467 2586 2587
903 909 1095
1725 1732 1850
939 1119 1127
2960 3101 3102
3913 3917 4075
3675 3683 3870
4224 4324 4328
3548 3555 3743
3707 3715 3894
4204 4316 4321
3750 3758 3929
310 475 483
4369 4405 4409
1890 1998 2004
1694 1702 1810
2524 2525 2642
2146 2261 2269
3165 3342 3343
2627 2634 2635
439 612 613
4382 4386 4387
3348 3543 3544
2575 2576 2692
155 287 288
3018 3166 3167
3 6 65
3269 3275 3466
1772 1882 1889
459 467 650
2063 2177 2291
3506 3700 3708
3010 3152 3160
1423 1548 1556
3871 3879 4042
3417 3604 3612
3459 3466 3667
1564 1572 1694
769 946 954
13 76 77
2525 2642 2643
3937 3945 4088
3151 3159 3337
1178 1331 1461
2183 2295 2296
0 1 25
3886 3894 4064
2891 2892 3027
1602 1726 1727
2574 2683 2691
137 254 261
2119 2120 2234
4082 4088 4218
2307 2315 2428
1321 1327 1454
2406 2521 2522
3081 3221 3229
1013 1021 1202
3961 4111 4119
995 996 1182
2544 2552 2668
1273 1281 1289
2638 2760 2761
4143 4267 4275
3549 3556 3744
2186 2299 2300
3587 3766 3774
1741 1859 1867
3683 3691 3870
4220 4221 4325
2375 2491 2499
861 1052 1060
283 439 444
1414 1540 1547
813 1004 1012
689 884 890
284 440 445
285 440 441
199 342 350
1255 1257 1258
1936 2048 2056
999 1005 1006
4379 4384 4413
4373 4374 4380
3251 3430 3437
161 301 309
2409 2410 2524
1081 1082 1086
35 41 117
3533 3537 3732
2585 2703 2704
606 797 798
4237 4244 4339
2949 2954 2955
1342 1350 1482
1210 1218 1366
2763 2768 2893
1497 1505 1631
4398 4401 4402
4276 4284 4292
1475 1482 1616
4144 4152 4160
930 938 1118
2068 2180 2183
990 1177 1178
1782 1895 1899
2863 3002 3010
2003 2111 2117
3143 3151 3330
2008 2009 2122
4368 4373 4408
3434 3435 3440
4343 4393 4396
3299 3307 3498
963 1143 1151
4075 4076 4078
2056 2062 2169
3744 3751 3923
2367 2483 2491
1631 1639 1764
1423 1431 1556
1564 1686 1694
4081 4217 4218
2559 2667 2675
358 515 523
438 439 612
2683 2800 2932
1466 1593 1597
1951 1952 2064
2821 2947 2953
902 1094 1099
2684 2801 2933
4320 4322 4323
1904 2016 2024
1539 1540 1669
4112 4237 4244
3724 3730 3908
681 689 877
90 191 199
142 143 148
4183 4298 4305
382 547 555
838 1037 1226
254 389 397
4217 4218 4223
3547 3736 3737
3611 3619 3798
4096 4104 4230
1258 1400 1401
1181 1187 1342
729 737 922
262 398 406
1290 1298 1431
381 389 397
4017 4025 4167
4018 4026 4176
4033 4183 4191
406 563 571
3726 3731 3732
279 426 431
3970 3986 4120
4311 4316 4317
4081 4082 4218
3424 3612 3620
3204 3212 3376
2820 2952 2953
3409 3417 3596
1393 1530 1531
1897 2009 2010
1958 2072 2079
4329 4330 4334
3482 3676 3684
3799 3970 3978
349 357 514
610 611 797
1657 1658 1781
2543 2551 2659
658 666 862
2182 2188 2301
3262 3266 3267
4175 4183 4298
1842 1956 1957
2985 2993 3135
53 54 57
2847 2986 2994
2466 2584 2585
1037 1226 1234
2252 2260 2374
1839 1953 1959
1572 1580 1702
3977 3985 4135
3369 3556 3564
60 61 65
3514 3708 3716
3937 4082 4088
2660 2668 2785
555 738 746
996 1179 1182
231 366 539
4299 4375 4381
3256 3259 3260
2071 2186 2300
2567 2574 2683
4071 4072 4212
3473 3667 3683
13 76 83
2643 2644 2765
2243 2357 2358
3454 3460 3467
1193 1349 1357
903 1091 1095
2138 2253 2261
1282 1290 1423
215 358 366
3283 3291 3299
1601 1607 1725
3001 3009 3151
4184 4192 4306
397 554 570
3093 3235 3241
650 658 846
2203 2211 2324
1522 1528 1655
1740 1748 1858
4356 4400 4404
2482 2602 2610
1455 1580 1588
1060 1067 1246
1029 1210 1226
1711 1826 1833
2398 2514 2520
4397 4398 4401
1261 1402 1403
4388 4390 4391
289 295 459
284 285 440
4373 4379 4380
1841 1842 1956
3901 3907 4070
2237 2238 2352
3466 3473 3667
4009 4017 4167
1896 2008 2009
2711 2832 2839
3166 3339 3344
4332 4337 4338
4057 4209 4210
2878 3009 3016
2307 2420 2428
4244 4252 4339
813 821 1012
63 68 167
437 614 615
555 563 571
3080 3087 3220
1616 1624 1741
4373 4408 4411
1895 1896 2008
2925 3057 3205
993 994 1176
4252 4339 4345
1329 1464 1465
1217 1373 1381
625 633 821
2367 2375 2491
161 294 301
884 1078 1082
3580 3588 3775
1062 1247 1252
3914 3915 4076
3750 3922 3929
3354 3361 3549
853 861 1052
539 547 722
3298 3481 3489
4251 4259 4350
3002 3144 3152
4324 4325 4329
3945 4095 4103
3112 3283 3299
2890 2891 3025
3159 3337 3343
117 230 238
4379 4411 4413
1757 1765 1883
523 698 706
1151 1290 1298
138 139 144
4379 4380 4385
1341 1349 1481
3361 3549 3556
2182 2295 2301
150 151 277
3120 3299 3307
877 1067 1073
1012 1020 1201
3135 3143 3322
4064 4070 4210
3143 3322 3330
2582 2700 2701
283 287 288
2801 2925 2933
3172 3346 3347
2210 2218 2323
22 23 29
3737 3742 3916
1889 2003 2007
999 1181 1187
1012 1193 1201
2726 2734 2855
2359 2475 2483
3368 3555 3563
1693 1809 1817
626 822 830
803 995 999
374 382 390
1185 1335 1341
1514 1649 1655
1928 2040 2048
1438 1446 1571
3473 3481 3489
156 289 295
3923 3924 3930
3250 3253 3435
4299 4306 4381
1722 1840 1841
4207 4212 4213
2762 2765 2890
2957 3099 3100
206 214 349
4339 4340 4345
2080 2195 2203
1475 1608 1616
1422 1547 1555
902 915 1099
2986 3128 3136
1075 1252 1253
829 837 1036
2350 2353 2469
2410 2524 2525
2138 2146 2261
132 138 247
4128 4252 4260
2421 2529 2536
2908 2916 3040
2917 3049 3057
4327 4331 4332
1595 1596 1718
2437 2544 2552
1521 1527 1654
8 12 82
954 1126 1281
891 897 1083
39 44 45
2057 2162 2170
1765 1883 1890
3168 3169 3342
1904 1912 2024
2528 2651 2768
1833 1834 1946
2702 2827 2828
979 1167 1168
1400 1532 1533
1851 1966 2080
1396 1397 1530
1686 1694 1802
3106 3276 3283
4252 4345 4351
1373 1381 1513
1068 1074 1075
4206 4318 4319
1965 2079 2087
12 17 82
3571 3579 3766
2588 2595 2718
434 608 609
1240 1388 1394
1305 1313 1438
531 714 722
3246 3250 3253
608 793 799
2175 2179 2290
1075 1076 1079
427 433 602
1874 1882 1997
1656 1779 1780
2452 2459 2574
3799 3807 3978
1957 2070 2072
4223 4229 4327
1912 1920 2032
56 145 146
2611 2734 2742
1467 1468 1600
2232 2339 2345
284 289 451
1600 1601 1724
745 930 938
2879 3017 3018
1897 1898 2010
3644 3831 3839
1396 1529 1530
2239 2245 2353
1374 1514 1522
2832 2839 2970
2710 2838 2846
753 938 946
2816 2941 2948
2703 2825 2828
1454 1461 1587
4356 4362 4404
4398 4399 4402
2846 2854 2985
3924 3930 4083
3911 4073 4074
3041 3181 3189
30 104 111
2870 2878 3009
160 161 309
2244 2252 2366
954 1134 1281
3533 3534 3538
239 374 390
4357 4363 4405
3097 3245 3246
282 283 287
1810 1818 1929
1089 1093 1094
475 650 658
1778 1889 1894
1623 1748 1756
283 438 439
1859 1867 1974
4010 4160 4168
3636 3644 3823
4103 4111 4236
2749 2756 2884
1259 1260 1265
3228 3392 3400
4220 4324 4325
2061 2175 2179
2635 2640 2758
1274 1282 1415
1899 1905 2011
3028 3034 3170
3348 3539 3544
4298 4374 4380
152 284 289
1415 1423 1548
2353 2359 2475
985 991 1166
4337 4343 4344
3423 3429 3611
2871 3010 3017
3298 3497 3505
4368 4373 4374
2887 3021 3024
2120 2121 2235
4049 4198 4317
1159 1167 1306
1327 1454 1461
2061 2062 2175
3021 3022 3169
1661 1783 1784
2711 2718 2839
3136 3315 3323
838 1029 1226
4325 4329 4330
3032 3033 3174
1530 1657 1658
601 785 792
3244 3248 3249
1365 1489 1497
1151 1159 1298
3354 3543 3549
2064 2177 2178
434 435 609
3548 3742 3743
3385 3564 3572
160 167 309
1850 1958 1965
1470 1598 1599
602 778 786
2071 2187 2300
2316 2324 2437
2963 2969 3111
745 753 938
2308 2316 2429
4237 4328 4333
4313 4319 4390
342 499 507
649 837 845
1596 1719 1720
280 434 435
3969 3977 3985
2010 2015 2123
1313 1321 1446
3587 3595 3782
3347 3352 3542
1044 1225 1233
151 273 278
3260 3262 3263
2823 2949 2955
39 40 45
1248 1249 1396
1 25 31
2087 2194 2202
1898 1904 2016
4320 4390 4391
571 579 754
341 498 506
2977 2985 3127
1298 1431 1439
4216 4220 4221
690 878 885
2757 2879 2885
1599 1722 1723
1748 1756 1866
3490 3498 3700
138 255 263
3175 3348 3349
698 706 891
3806 3822 3985
4104 4112 4230
36 42 111
1004 1012 1193
490 665 673
4267 4356 4362
797 801 802
2871 2879 3017
3879 4050 4058
183 326 334
3878 4041 4049
3667 3675 3683
990 991 1173
3264 3459 3466
3265 3454 3467
706 897 903
609 610 611
1431 1556 1564
1677 1793 1801
4001 4009 4151
3767 3775 3946
4313 4386 4387
426 432 601
1095 1100 1101
890 896 1082
896 902 1090
2411 2412 2526
475 483 666
56 139 145
3228 3235 3408
2652 2770 2777
2885 2886 3023
1810 1921 1929
2894 3028 3034
3733 3911 3912
1349 1481 1489
4199 4205 4318
2235 2348 2349
2239 2240 2350
4328 4329 4333
2041 2049 2154
606 611 797
2826 2831 2963
1945 2057 2176
1490 1498 1632
3729 3907 3912
2033 2041 2146
3260 3263 3452
2808 2815 2940
2676 2684 2801
3436 3437 3442
2958 2962 2963
2567 2675 2800
3596 3604 3783
2227 2340 2346
4252 4260 4351
4010 4018 4168
2815 2940 2947
96 206 214
4369 4376 4409
301 458 466
3408 3416 3603
998 1004 1186
4077 4080 4081
4112 4120 4244
1185 1186 1341
1677 1685 1801
2581 2698 2699
13 18 83
1783 1784 1896
2024 2032 2137
3094 3243 3244
3735 3736 3737
3436 3442 3636
4009 4159 4167
3962 3970 4120
2169 2175 2284
3490 3692 3700
42 47 125
2154 2162 2277
1615 1623 1740
53 56 57
690 885 891
3716 3895 3902
3034 3041 3181
3564 3572 3751
2514 2633 2639
4078 4079 4215
885 891 1083
1921 1929 2033
466 649 657
4079 4080 4217
2785 2901 2909
310 467 475
1341 1473 1481
325 333 498
1072 1250 1254
42 111 118
191 199 334
3969 3977 4119
142 147 148
1733 1741 1859
381 397 554
802 990 994
3822 3830 4001
4198 4204 4317
1332 1469 1470
3242 3417 3424
1322 1328 1462
3017 3018 3166
0 19 25
706 714 903
1982 2088 2096
3314 3322 3513
1722 1723 1841
3572 3580 3767
50 51 54
7 8 11
3798 3806 3969
445 619 620
1179 1182 1333
24 25 31
262 263 269
2348 2349 2463
1624 1632 1749
3751 3759 3923
4 63 68
3254 3437 3443
3152 3160 3338
2700 2823 2824
4382 4383 4387
1663 1669 1786
2180 2296 2298
3692 3700 3887
999 1005 1187
3743 3750 3922
2056 2161 2169
2398 2506 2514
4207 4211 4212
4078 4083 4215
3734 3913 3914
2519 2520 2639
1640 1749 1875
1255 1256 1258
118 231 239
1624 1741 1749
4312 4313 4318
4331 4332 4337
3522 3529 3724
4376 4409 4412
1600 1723 1724
506 681 689
3251 3252 3254
2884 3016 3022
326 483 491
3953 3961 4111
3628 3807 3815
2759 2760 2886
3174 3180 3352
3276 3467 3474
2725 2733 2862
1556 1678 1686
607 792 798
3291 3490 3498
770 955 963
4183 4305 4311
37 43 44
1866 1874 1989
1401 1406 1534
1374 1506 1514
3175 3181 3348
432 436 606
2683 2691 2808
2527 2528 2645
1247 1248 1252
1249 1250 1254
3930 3938 4089
254 261 405
2351 2352 2466
4330 4331 4336
143 261 268
2891 3025 3026
440 441 620
1809 1912 1920
3065 3073 3205
4343 4344 4349
1322 1455 1462
152 156 157
1951 2063 2064
2667 2675 2792
4135 4143 4259
10 14 15
838 846 1037
2291 2292 2399
947 1127 1135
4394 4395 4398
325 482 490
4216 4221 4222
3460 3660 3839
2436 2551 2559
282 283 438
1127 1135 1274
1394 1527 1531
3095 3096 3244
1258 1399 1400
3847 4010 4018
3229 3236 3409
1779 1780 1891
40 41 46
1265 1401 1406
2916 2924 3048
2893 2900 3032
1112 1119 1267
522 705 713
56 57 146
2460 2461 2576
3454 3460 3652
3258 3259 3443
1834 1835 1951
1013 1194 1202
2917 2925 3057
3265 3270 3467
2594 2602 2717
2063 2176 2291
2112 2118 2227
1640 1757 1875
2340 2453 2460
284 445 451
1711 1717 1833
294 450 458
1250 1393 1398
2169 2276 2284
3430 3436 3437
4406 4409 4410
3498 3506 3700
3 4 7
571 746 754
3072 3080 3220
2957 2961 2962
117 124 238
147 151 273
970 1134 1142
414 421 587
1719 1720 1836
3112 3120 3299
658 854 862
1929 2033 2041
3675 3854 3862
2295 2296 2410
427 595 602
947 955 1135
2824 2952 2956
1335 1341 1473
4128 4244 4252
1306 1439 1447
3742 3743 3922
3 61 65
1388 1521 1527
1465 1466 1597
1 31 37
2 39 40
3603 3790 3798
2234 2235 2348
3886 4057 4064
4127 4135 4259
1505 1513 1639
0 1 2
295 459 467
2276 2390 2398
2940 2947 3080
1 37 44
2260 2374 2382
4079 4215 4216
4184 4299 4306
358 366 531
3384 3563 3571
619 620 808
4058 4065 4205
318 326 483
1724 1842 1843
1261 1399 1403
64 70 168
2823 2824 2955
3330 3337 3528
3331 3338 3529
2560 2676 2684
433 434 608
1607 1725 1732
4143 4259 4267
1506 1640 1648
1004 1186 1193
2233 2346 2347
2490 2498 2618
1723 1841 1842
3473 3489 3683
2073 2188 2195
2828 2959 2960
2977 3119 3127
103 110 214
3264 3452 3453
2145 2252 2260
1602 1608 1726
1655 1656 1779
2005 2119 2120
1053 1241 1389
491 674 682
22 28 29
3914 4075 4076
4410 4411 4413
199 207 350
4018 4168 4176
1078 1081 1082
1757 1875 1990
1330 1331 1465
3401 3588 3596
2892 2893 3032
255 390 398
2862 2993 3001
1186 1193 1349
1891 2004 2005
436 606 611
274 279 426
2177 2178 2293
3094 3236 3242
4215 4216 4220
3098 3265 3270
2641 2759 2760
435 609 611
2889 3025 3028
2226 2232 2339
714 722 730
2219 2332 2340
190 198 333
4406 4407 4410
1332 1336 1469
146 150 151
996 997 1180
506 514 697
9 10 14
3529 3535 3730
1527 1654 1659
3887 3895 4058
2067 2073 2182
1180 1334 1335
3258 3261 3454
131 137 246
854 862 1045
1406 1407 1540
1177 1330 1331
3041 3049 3189
247 255 390
2 28 34
2463 2464 2579
3306 3314 3505
2777 2894 2901
1639 1764 1772
2667 2784 2792
1249 1250 1397
1135 1274 1282
2411 2525 2526
3436 3628 3636
523 531 714
199 334 342
4209 4214 4323
531 539 722
4120 4128 4244
1647 1772 1778
3087 3228 3235
3212 3220 3392
2756 2884 2888
3977 4127 4135
3723 3729 3907
420 426 594
1241 1389 1528
2210 2323 2436
1631 1756 1764
2414 2529 2646
2009 2122 2123
3197 3361 3369
3924 4078 4083
2414 2524 2646
2124 2130 2245
1044 1217 1225
522 530 713
1126 1273 1281
3838 3846 4017
2963 3105 3111
4095 4103 4229
970 978 1150
2347 2348 2462
1782 1787 1899
2293 2406 2407
800 801 993
4229 4327 4332
1529 1530 1657
4313 4318 4319
69 182 190
3017 3160 3166
475 658 666
2067 2182 2183
4336 4337 4343
619 814 822
2978 3120 3128
4383 4384 4388
3392 3400 3579
2420 2428 2543
4159 4275 4283
1087 1091 1092
2638 2641 2760
1187 1194 1350
4316 4321 4391
2854 2862 2993
2007 2117 2121
2809 2941 3065
3098 3101 3270
3247 3248 3251
1173 1321 1327
239 247 390
3447 3635 3643
1461 1587 1593
666 674 862
1084 1085 1088
1468 1600 1601
288 444 450
1265 1406 1407
996 1179 1180
3807 3815 3978
1659 1777 1781
2925 2933 3065
2522 2640 2641
1381 1513 1521
4076 4079 4080
963 971 1151
2236 2345 2349
649 845 853
1780 1781 1892
3343 3534 3538
915 922 1105
3092 3093 3241
90 97 207
2474 2482 2602
1179 1333 1334
3254 3255 3256
1794 1802 1913
1598 1599 1722
1473 1601 1607
1150 1158 1305
2261 2269 2375
3619 3806 3814
3128 3307 3315
2940 3064 3072
3098 3099 3266
2750 2757 2879
3181 3348 3354
15 16 21
2072 2079 2187
373 381 538
3909 3910 4072
4207 4213 4322
2170 2176 2291
4025 4033 4175
274 420 426
281 431 436
2346 2460 2461
3460 3467 3668
1382 1389 1522
3119 3127 3306
110 222 230
2894 2901 3034
665 853 861
2733 2741 2870
1826 1833 1945
439 444 618
2822 2948 2949
276 280 428
1701 1817 1825
3128 3136 3315
1801 1809 1912
2374 2382 2490
2003 2007 2117
1106 1257 1261
3098 3099 3102
3212 3384 3392
614 803 1006
2124 2239 2245
2298 2299 2412
2245 2353 2359
2276 2284 2398
3033 3174 3180
69 167 174
118 125 239
3291 3474 3482
2383 2499 2507
3986 3994 4136
1060 1233 1246
1092 1093 1097
1080 1084 1085
155 161 294
1100 1101 1106
2603 2611 2734
689 697 890
4215 4219 4220
222 349 357
1080 1081 1085
2602 2717 2725
2831 2963 2969
1874 1989 1997
382 555 563
705 890 896
3441 3627 3635
4376 4382 4412
4382 4383 4412
987 992 993
799 800 987
2202 2210 2315
3144 3152 3331
2009 2010 2123
75 82 190
2468 2594 2709
4336 4343 4393
1989 1997 2103
1944 1950 2062
2528 2535 2651
2764 2770 2889
4083 4089 4219
3759 3930 3938
930 1111 1118
697 705 890
1599 1600 1723
278 279 431
762 770 955
1593 1716 1721
433 602 793
3855 3863 4026
1374 1382 1522
4159 4167 4291
1710 1711 1826
1218 1226 1382
358 523 531
1959 2067 2073
42 43 47
4267 4275 4362
3643 3651 3846
4204 4316 4317
3342 3345 3538
1756 1764 1874
649 657 853
2468 2474 2594
946 954 1126
97 104 207
60 64 162
2526 2527 2645
2357 2468 2587
4042 4192 4199
2499 2507 2619
3993 4001 4151
1464 1595 1596
1218 1374 1382
1956 2066 2070
2345 2349 2464
2645 2763 2768
2445 2453 2560
2004 2005 2119
1096 1101 1255
1336 1342 1475
1267 1402 1408
594 601 777
365 373 538
29 35 103
845 1044 1052
3088 3229 3236
2825 2826 2962
1694 1802 1810
2290 2294 2408
2698 2699 2822
1547 1669 1677
938 946 1126
822 830 1021
4357 4397 4401
2801 2917 2925
3345 3537 3538
4383 4387 4388
1135 1143 1282
1095 1096 1101
2095 2103 2218
1469 1470 1598
3127 3135 3314
729 915 922
3353 3360 3548
613 805 806
2659 2776 2784
614 615 803
3244 3245 3249
1817 1825 1928
9 13 77
3056 3064 3204
1895 1899 2011
1720 1721 1837
3026 3027 3172
3742 3916 3922
3447 3453 3651
3173 3347 3352
2583 2584 2705
3782 3953 3961
3023 3024 3167
2253 2261 2367
4221 4222 4326
3447 3643 3651
2331 2339 2452
1498 1506 1640
2413 2528 2535
3620 3628 3807
1091 1095 1096
4069 4210 4214
3242 3247 3424
58 61 157
3970 3978 3986
3255 3256 3257
40 45 46
1393 1394 1398
3048 3056 3196
230 238 373
2718 2726 2847
1101 1255 1257
268 274 420
2581 2582 2699
437 441 620
459 642 650
3643 3830 3838
139 144 145
2595 2603 2726
4349 4356 4400
3092 3097 3241
1099 1104 1105
2619 2742 2750
3342 3343 3538
474 482 657
2382 2390 2498
1966 2080 2195
1866 1981 1989
1539 1663 1669
2466 2467 2586
3533 3537 3538
1167 1314 1315
2179 2290 2294
3009 3016 3159
4407 4408 4411
2567 2683 2800
2900 2908 3033
2346 2347 2461
1256 1258 1259
2462 2581 2582
17 82 89
2528 2645 2768
786 793 986
845 1036 1044
821 1012 1020
3716 3724 3908
3261 3265 3454
1843 1957 1958
1233 1240 1246
674 870 878
2855 2863 3002
1623 1631 1756
896 1086 1090
2785 2793 2909
1328 1462 1463
2413 2420 2535
3254 3256 3443
145 149 150
830 1021 1029
23 89 96
3401 3409 3596
2245 2253 2359
2024 2129 2137
406 414 579
357 514 522
3917 3923 3924
737 745 922
7 10 11
1074 1075 1079
3276 3283 3474
2684 2692 2809
2119 2233 2234
915 1099 1105
1358 1366 1498
2408 2519 2523
562 745 753
1998 2004 2118
3144 3323 3331
2828 2960 2961
3251 3254 3437
4128 4136 4260
1072 1077 1254
2227 2233 2346
3775 3783 3954
450 458 633
4073 4212 4213
3555 3563 3750
3838 4001 4009
373 381 389
2909 3041 3049
2734 2742 2863
3170 3175 3349
1974 1982 2088
1469 1598 1602
2586 2704 2830
269 414 421
2741 2870 2878
506 689 697
4333 4334 4340
2244 2358 2366
3540 3735 3736
1534 1539 1662
2049 2057 2162
3436 3620 3628
3257 3440 3446
4159 4283 4291
3735 3914 3915
2182 2183 2295
4213 4322 4323
1349 1357 1489
2049 2154 2162
3188 3353 3360
9 13 14
2041 2146 2154
2445 2552 2560
1085 1086 1089
3136 3144 3323
1068 1075 1252
2757 2758 2885
615 804 805
2709 2710 2838
814 1005 1006
3009 3151 3159
3635 3814 3830
2366 2474 2482
2065 2178 2179
3541 3542 3547
1481 1489 1615
1118 1126 1273
2889 2894 3028
2579 2582 2701
3348 3349 3539
3024 3168 3169
601 777 785
45 46 51
3766 3774 3937
4337 4338 4344
2218 2323 2331
317 474 482
4191 4311 4317
2626 2741 2749
3220 3228 3392
2952 2953 3092
619 808 814
1463 1594 1595
1505 1631 1639
1333 1334 1467
3165 3169 3342
705 713 896
54 57 142
2642 2764 2765
633 821 829
137 143 261
1389 1522 1528
1106 1112 1261
43 47 48
1234 1382 1389
3101 3270 3276
738 746 931
111 118 223
1717 1833 1834
3337 3528 3534
877 884 1073
207 215 350
2218 2226 2331
2339 2345 2459
2675 2792 2800
3823 3831 4002
2768 2769 2893
374 539 547
3604 3612 3799
2178 2293 2294
2885 3018 3023
382 390 398
41 46 124
4403 4404 4408
50 53 54
3025 3026 3171
1438 1563 1571
3505 3513 3707
1021 1029 1210
884 890 1082
1381 1388 1521
2293 2294 2407
3708 3716 3895
144 149 263
2525 2526 2643
1663 1785 1786
138 144 263
2095 2202 2210
8 75 82
1539 1662 1663
138 247 255
490 498 506
923 931 1119
2398 2404 2520
3221 3229 3401
1946 1951 2063
3204 3368 3376
2756 2761 2888
2958 2963 3105
3595 3603 3790
1648 1757 1765
4175 4291 4298
523 706 714
68 69 75
162 168 302
3152 3331 3338
3467 3474 3668
48 52 53
4268 4351 4357
421 427 595
1843 1850 1958
2750 2871 2879
118 223 231
3263 3264 3268
3236 3242 3409
1072 1250 1251
34 35 41
2181 2186 2298
3726 3908 3909
602 786 793
3213 3385 3393
4127 4243 4251
1685 1801 1809
587 762 770
2827 2832 2964
2969 3111 3119
562 737 745
2188 2301 2421
2125 2239 2240
183 318 326
3249 3252 3434
3571 3750 3758
3275 3466 3473
433 608 793
24 83 97
1289 1414 1422
1572 1694 1702
3644 3823 3831
2958 3105 3274
1818 1929 1937
923 1112 1119
1465 1596 1597
689 877 884
2162 2170 2285
1535 1660 1664
3846 3854 4017
3612 3799 3807
1669 1786 1793
381 546 554
507 682 690
3961 3969 4119
3588 3775 3783
4034 4184 4192
2300 2413 2420
1533 1534 1662
2763 2892 2893
2459 2464 2580
729 908 915
2153 2260 2268
3675 3862 3870
2062 2169 2175
1895 2008 2011
2130 2138 2253
4403 4407 4408
2924 2932 3056
490 506 681
3474 3482 3668
1528 1529 1656
3250 3423 3429
4 62 63
1408 1415 1541
17 23 89
3790 3961 3969
4399 4400 4403
3442 3448 3636
41 117 124
1726 1733 1844
4033 4175 4183
3738 3913 3917
1913 1921 2025
792 978 985
991 1166 1173
153 285 286
1802 1810 1921
4388 4389 4391
3547 3548 3742
2129 2137 2244
198 206 333
4065 4205 4211
4069 4073 4213
413 420 578
2339 2452 2459
482 657 665
427 428 433
2469 2583 2588
2122 2123 2237
2702 2703 2828
2461 2576 2581
1678 1787 1794
1430 1555 1563
2709 2831 2838
1454 1579 1587
3105 3111 3282
3938 4089 4096
3135 3314 3322
2889 2890 3025
4275 4283 4362
1593 1597 1721
2603 2726 2734
445 619 626
31 36 37
4387 4388 4390
2574 2580 2691
2121 2235 2236
3815 3823 4002
1722 1727 1840
437 438 441
4057 4204 4209
4345 4394 4397
2006 2120 2121
1727 1839 1840
1104 1105 1111
1331 1461 1466
1660 1782 1783
2970 3112 3120
58 153 154
3862 4025 4033
1571 1693 1701
1741 1749 1867
2079 2087 2194
3774 3945 3953
2969 2977 3119
1167 1306 1314
2277 2285 2391
34 40 41
1194 1202 1358
13 14 18
2290 2404 2408
706 891 897
4331 4336 4337
28 29 34
4349 4350 4356
51 54 55
3556 3744 3751
3385 3393 3580
2063 2064 2177
1257 1261 1399
3878 4049 4198
830 838 1029
2153 2161 2268
2536 2652 2660
3323 3331 3522
2552 2560 2676
2947 3080 3087
2954 2955 3095
4334 4340 4392
3249 3253 3434
2444 2559 2675
633 641 837
2211 2324 2332
1956 1957 2070
3081 3088 3229
1176 1177 1330
1201 1209 1365
16 17 22
3339 3344 3536
2585 2586 2704
870 1061 1062
2741 2749 2878
3096 3244 3245
3676 3684 3863
1045 1053 1234
1081 1085 1086
1202 1358 1366
923 1106 1112
1875 1982 1990
2390 2398 2506
3734 3735 3914
2210 2315 2436
1594 1711 1717
1061 1062 1247
3170 3171 3349
845 853 1052
3258 3442 3448
609 799 800
1028 1209 1373
3448 3454 3652
3921 4081 4082
1842 1843 1957
3408 3595 3603
2956 3095 3096
2586 2587 2830
1400 1401 1534
804 805 997
1469 1475 1608
60 156 157
2978 2986 3128
2429 2536 2544
2096 2104 2219
5 6 9
814 1005 1013
124 131 246
1686 1794 1802
3929 3937 4082
2252 2366 2374
870 878 1068
609 610 800
3264 3269 3466
3111 3119 3290
1181 1336 1342
1825 1832 1936
546 721 729
902 908 915
3441 3446 3447
2529 2536 2652
3435 3441 3627
3619 3798 3806
3993 4135 4143
2847 2855 2994
439 613 618
673 681 877
3758 3929 3937
1498 1632 1640
530 713 721
2524 2642 2646
4095 4218 4223
397 405 570
785 792 978
1273 1289 1414
3034 3175 3181
2269 2375 2383
4381 4382 4386
1467 1599 1600
215 350 358
3307 3315 3506
3774 3937 3945
837 845 1036
2792 2800 2924
979 1159 1167
326 491 499
325 490 498
1142 1289 1297
3352 3353 3542
2760 2887 2888
2958 3100 3274
2878 2884 3016
11 15 16
4213 4214 4323
366 531 539
1764 1874 1882
3604 3791 3799
1957 1958 2072
3660 3668 3676
1678 1686 1794
223 231 366
2941 3065 3073
4407 4410 4411
4069 4213 4214
3100 3268 3274
1431 1439 1564
3259 3260 3262
3246 3250 3423
3229 3401 3409
4176 4184 4299
2583 2705 2711
4224 4230 4328
1247 1248 1395
2698 2816 2822
168 302 310
3790 3798 3969
1844 1851 1966
1 2 39
2195 2203 2308
1461 1466 1593
2498 2506 2626
2412 2526 2527
1945 2049 2057
2602 2610 2725
2916 3040 3048
3831 3839 3847
483 491 666
587 595 770
2408 2519 2520
1143 1282 1290
2587 2709 2830
2111 2226 2232
2374 2482 2490
3346 3540 3541
3264 3453 3459
280 428 434
2316 2429 2437
4396 4399 4400
222 230 365
2315 2428 2436
3540 3544 3735
2838 2846 2977
2015 2016 2129
1092 1096 1097
152 284 285
2414 2421 2529
730 738 916
1072 1073 1078
1053 1234 1389
3815 3994 4002
4298 4305 4380
2863 2871 3010
1366 1374 1506
1393 1394 1531
206 341 349
215 223 366
69 174 182
4204 4209 4321
3448 3644 3652
3910 3911 4072
2285 2399 2515
3459 3659 3667
1529 1656 1657
2444 2567 2675
3171 3172 3346
3513 3707 3715
1579 1587 1709
2382 2490 2498
1832 1936 1944
3911 4072 4073
