4699 5492
10396 10397
609 621
18818 19189
2879 3525
6640 7458
14038 14053
5551 6351
14393 15168
18562 18582
17385 18495
13999 14020
18277 18300
13869 14645
1756 2288
8884 8885
14426 15200
13145 13976
18642 18651
15080 15850
19761 19765
5258 6094
2447 2471
8623 8654
14117 14118
12649 12681
3732 4459
7811 8653
10665 11537
8200 8230
5468 6284
17003 17004
8851 8863
16270 16290
9720 10610
17709 17732
7137 7995
1604 2129
9912 10798
17885 17911
12395 13243
4515 5286
112 121
277 519
19779 19780
15693 16375
1266 1731
19052 19374
3310 3333
19363 19373
9111 9143
10458 11339
4734 4755
70 81
7143 8008
1960 1962
3126 3813
9476 10366
7144 8009
19408 19424
9676 11422
6224 7060
18037 18540
12391 12392
949 1400
11115 11952
14022 14802
1360 1381
10629 11506
19416 19630
2610 2611
6282 7130
168 390
14019 14820
19112 19130
120 127
6003 7688
13249 14069
1337 1360
2061 3309
19340 19354
12417 13264
15692 15693
967 1418
15543 15564
6063 6926
16248 16927
13681 14457
4779 5552
16308 16981
18711 19112
19341 19588
5314 5341
18644 18653
521 541
19758 19759
19774 19781
4101 4129
18166 18647
3171 3882
19700 19713
11148 12018
2628 2647
590 605
6291 7134
130 135
18299 18772
18424 18448
638 639
6289 6290
7655 7687
12973 13808
3242 3252
4276 5039
15598 16322
4 7
846 1290
12419 12437
19711 19724
1467 1994
9080 9111
1924 2516
19035 19363
19585 19586
6297 7141
6543 7393
7867 8766
8591 9476
442 461
3190 3902
122 309
2741 2767
7141 7142
8044 8902
649 650
3170 3190
14615 15384
4689 4690
3226 3227
12390 12391
18628 18639
7010 7839
19669 19684
9343 10233
373 390
12179 13035
6983 7010
5227 5257
7999 8876
4657 5451
12681 12713
10516 11397
12398 12399
16417 17092
12532 13349
244 260
2907 3584
19776 19784
3048 3074
309 320
18643 18653
19068 19082
4542 5341
14098 14886
358 663
19270 19542
6834 7688
7490 7556
8064 8943
7940 7941
539 909
13120 13926
18639 19046
1487 1488
3525 4247
15671 15672
6833 6865
110 118
17607 18156
18200 18662
14903 15671
16632 17302
462 802
3645 3675
19585 19746
7719 8622
9538 10428
7917 7939
1989 1990
4246 5039
4635 5433
17574 18137
7975 8849
6064 6866
12373 13209
1065 1537
3860 4568
3308 3309
845 1241
19800 19804
8022 8885
17007 17008
7136 7137
8004 8873
16991 17602
605 618
1489 1503
14 15
541 558
7178 7200
5451 5452
16491 16518
10653 11526
10660 11533
14331 14362
15613 16327
17858 17884
18909 18931
19306 19572
5470 6275
1035 1049
14056 14853
14052 14063
83 94
4308 5072
2025 2612
2610 3269
19672 19685
1400 1903
11670 11698
9810 9811
16991 16992
8712 8740
480 481
3225 3921
5874 6704
19723 19724
1605 2130
2008 2596
4656 5435
6513 7363
7995 8873
14079 14869
13265 13266
14083 14871
229 460
13402 13430
14994 15739
10917 11821
19269 19288
4678 5470
2494 3100
7523 7556
15231 15969
214 483
2081 2668
3940 4677
5874 6737
15672 15693
12531 13374
12017 12844
7892 7893
293 577
7782 8654
8848 9737
11503 12373
13777 14584
134 146
6512 6543
3951 4718
8621 9507
5197 6063
1994 2585
13240 13241
19760 19764
28 39
19396 19616
17069 17686
3703 4458
8 11
1903 2493
151 152
338 641
14729 14755
19026 19355
6330 7177
3125 3149
12389 13230
13977 14779
15652 15672
3644 3674
6176 6201
5480 7145
9762 9763
1945 2517
4074 4829
15583 15584
16967 16982
3951 3953
625 626
950 1401
3920 4656
19078 19079
7010 7036
18120 19037
15495 16200
11985 12018
10542 11397
14059 14856
16985 17607
7081 7082
15691 15713
13745 13777
5392 5414
9208 10098
8740 9651
13237 13238
3235 3937
738 759
14779 14801
229 480
13120 13952
3946 3947
19385 19396
11790 11822
0 49
19420 19623
6176 6983
6122 6955
2001 2012
14854 15612
6244 6263
10771 11618
15469 16200
18277 18299
19045 19612
16829 16830
17031 17047
12505 13374
16356 17016
19709 19722
66 67
5510 5511
15670 16394
135 136
19338 19353
17068 17069
19422 19437
320 329
1520 2062
1997 2580
6865 7751
18139 18630
7126 7993
8814 8833
1989 2581
7100 7117
154 371
2289 2290
13952 15520
19363 19372
11573 12437
17806 17832
9970 10855
1476 2007
15739 16465
17245 17273
718 738
15849 15878
17605 18153
19588 19589
18818 18840
8834 9738
13264 13281
4247 4277
8884 9774
14584 14644
12400 12401
3209 3919
45 46
17832 18325
19416 19631
325 334
19728 19798
2495 3126
18971 19288
12019 12845
500 843
1466 1992
2262 2290
16089 16118
1290 1314
12339 12358
9175 10065
12396 12397
8064 8088
521 540
6 84
18472 18887
18496 18909
13209 13226
6955 6983
2106 2743
19700 19714
3310 4003
846 847
13521 14361
3254 3964
17535 17556
7990 8864
1336 1833
12018 12877
18563 18582
18061 18062
1519 1537
33 165
12397 13245
17578 18138
18299 18300
155 374
8006 8883
17610 17611
198 424
3932 3933
17686 17708
19486 19682
6295 7138
18632 18633
1169 1653
19626 19637
1538 1558
5007 5810
15968 15998
18772 18773
18062 18541
13239 14057
113 290
12292 13146
9410 9443
19131 19423
14883 14884
6375 7223
19604 19611
18713 19114
19687 19700
6297 7140
19380 19614
17557 17576
134 144
19620 19628
19470 19471
18152 18630
18910 19289
16632 16661
7752 8559
1992 2574
14836 14851
168 182
16394 17049
3170 3191
3241 3947
519 520
9971 10856
8493 9345
12811 13617
4714 4715
13325 14139
14856 14857
91 102
6737 7622
10629 12359
305 318
13375 14188
625 1013
2397 2423
244 261
15200 15939
6896 7751
16310 16323
4542 5314
8459 9377
15713 16416
13034 13897
1065 1083
4698 4699
4685 4686
12974 13839
14860 14871
5477 6295
110 119
7143 7159
18200 18663
19453 19454
3255 3965
18677 19080
12386 12387
14056 14852
19655 19668
5434 5435
4673 5465
8967 8993
118 300
19574 19575
4488 5258
14242 15050
19586 19597
7975 8848
11525 12385
7118 7977
2599 2600
16631 17273
9378 10301
17191 17807
165 166
16322 16980
10002 10886
11533 12402
7991 8865
1963 1964
2716 3411
17068 17685
11790 12650
14945 14969
18235 18255
11503 11518
12179 12209
8766 8790
8860 9749
19670 19684
10233 10267
3149 3860
13253 14071
17 145
9626 9652
5433 6245
7751 8621
3945 4691
182 407
19151 19171
19740 19804
18653 19051
17832 18398
8903 9776
16995 16996
1242 1266
19348 19372
11446 12315
153 166
2493 2516
13263 14081
8007 8885
14079 14868
9739 9740
19491 19685
14083 14870
14754 15519
360 374
2669 2692
19696 19709
12746 13586
1146 1604
17412 17438
15543 16271
17413 17439
3940 4678
18971 18990
8653 9507
868 869
18675 19079
3171 3860
18199 18217
290 291
6866 6897
9539 10429
7782 8684
12404 12420
3192 3884
19792 19793
5287 6094
3882 3902
2630 3271
12941 13745
5843 6705
15849 16574
4683 5467
10234 11149
2570 3209
3193 3210
17807 18326
18181 18661
1020 1021
19062 19375
293 307
19352 19608
19760 19765
18754 19150
8921 9833
15633 15634
4687 4696
15199 15908
7988 8863
16631 17245
9766 10654
1946 1963
13745 14553
14062 14063
2850 3494
2629 2630
14969 14995
16357 16376
627 635
4307 5071
1266 1757
7867 8712
17301 17329
12267 12292
14115 14902
5629 6483
3932 4669
18183 18200
16328 16330
7998 8875
18659 18660
2011 2027
2588 3231
6224 7082
167 387
230 246
141 357
7118 7119
7988 9753
8789 8812
11048 11920
139 140
13681 13713
2495 3101
18637 18638
16985 17606
8358 9241
14857 15614
4102 4858
1066 1067
18540 18990
11447 12316
17614 18162
13325 13349
2647 3309
4543 5287
17608 18156
14853 14854
16307 16322
14038 14837
17385 17988
5469 6286
18863 18864
12812 13650
635 1007
4616 5414
11247 12974
16375 16376
968 1401
699 719
7274 8141
6330 7158
8043 8922
1008 1017
1194 1654
13228 13229
6247 6264
2129 2741
5468 6286
10655 10656
9700 10590
1359 1882
4569 4570
10651 10660
9884 10798
155 169
999 1000
1463 1977
9176 10067
3812 4515
7100 7101
19424 19634
84 96
19035 19047
15739 15765
12358 12375
7144 7996
4487 5257
11507 11519
5008 5040
9343 10267
606 948
10744 11643
8834 9739
649 1033
79 92
8884 9775
9410 10267
17513 17535
325 333
19728 19799
2908 3555
18216 18236
5040 5811
19785 19792
19522 19711
12265 12291
18447 18886
681 1067
2628 3288
4615 4636
15169 15200
1126 1583
15612 15613
11470 12338
11048 11082
141 151
12649 13490
14162 14187
17032 17050
18166 18645
2447 3074
18676 19079
17806 18325
15583 16291
7990 8865
1479 1480
19375 19381
13869 14615
4158 4916
330 622
17578 18139
5481 6289
6122 6983
18121 18599
10067 10099
17413 17963
19486 19683
4339 4369
7988 8864
1538 1559
8885 8900
3240 3944
3982 4002
12116 12974
17962 18495
12588 13460
19522 19523
16333 16344
15598 16307
593 607
19394 19407
19407 19421
15715 15740
635 1016
19035 19365
19685 19699
12560 12589
14838 15584
277 537
2025 2043
5656 6482
19645 19657
19380 19615
19620 19629
2343 2370
18152 18631
2908 3585
10458 11309
930 1380
14081 14882
8199 9970
11984 12811
537 574
17138 17164
168 183
14187 14213
996 997
6003 6802
18158 18636
18908 19249
405 423
4157 4186
12845 13650
14800 14820
5811 6640
7590 8426
19669 19682
3228 3235
19644 19668
2042 2630
17831 17832
461 801
9761 10651
997 1451
13092 13925
305 317
1 4
629 996
388 716
19541 19557
335 617
12266 13120
11537 12420
128 129
1104 1126
17246 17274
8000 8870
8790 9676
30 40
124 323
7131 7992
7940 8791
13617 14425
11396 12291
19506 19698
621 630
12147 12178
14425 15230
18198 18216
14331 15109
5477 6294
6278 7116
1008 1464
19590 19748
1084 1104
604 618
14840 15600
4688 4701
57 217
6313 7159
1266 2290
17465 18038
199 215
12291 13145
5842 7523
11247 12148
13460 14270
3288 3981
10567 11447
18102 18581
931 1381
1034 1502
15354 16059
19614 19619
15494 16224
6543 7457
1465 1466
18325 18774
6247 7102
11489 12339
5476 6294
4277 5072
10856 11729
14968 15691
118 126
7126 7127
5811 6672
23 41
389 719
12396 13245
2083 2106
3232 3233
5433 6244
11572 11594
212 213
19627 19628
537 538
19250 19270
8261 9143
8867 8868
14729 15469
2 6
4654 4670
19168 19438
18653 19050
19768 19769
59 72
868 1314
13713 13745
5508 6312
13263 14080
16332 16991
1018 1026
10098 11047
8851 9740
2010 2596
19251 19542
10397 10458
4592 4615
5602 6426
1858 2448
18197 18676
3222 3223
8459 9343
16803 16830
7425 7457
1487 2010
3940 4679
7524 8392
15633 16341
20 137
6351 7177
10301 11182
4246 5007
17068 18215
3289 3983
4130 5686
984 1421
13522 13554
13192 14021
18181 18660
5414 5415
9834 9859
1011 1465
3466 4187
13681 14489
4488 5287
6896 6926
131 138
15353 15383
10233 11115
15625 16334
9344 10234
9764 9765
2062 2648
718 1147
19614 19615
619 983
7101 8812
30 42
5367 6176
18156 18640
19437 19453
8790 9699
1463 1989
4735 5511
5552 5576
1783 2344
6201 6224
633 1004
17534 17535
278 293
12148 12974
2906 2907
5493 5511
19635 19636
3920 4655
141 356
55 226
4002 4023
17554 18121
12419 12420
9775 9790
1418 1419
25 36
16985 17605
13065 13093
9568 10428
358 371
17614 18163
11572 12437
19270 19289
4755 5529
8262 9144
2647 3308
3269 3964
7198 8088
11953 11986
12650 12682
324 325
18496 18931
4688 5480
16334 16999
12437 13283
5778 5810
10365 11278
14061 14857
16331 16332
2001 2002
19556 19571
14864 15617
19046 19373
3256 3966
1023 1032
699 718
14871 15624
17576 17577
8850 8851
18840 19189
5071 5103
11309 11339
15792 16518
19039 19366
307 577
308 309
9241 10131
9738 10611
19574 19588
359 682
1924 1944
1381 1882
128 348
19355 19356
14053 14851
10643 11519
8848 8862
12395 13244
10699 11572
17807 17833
155 168
640 1032
622 630
4829 5628
117 118
3584 4338
14867 15621
13229 13230
5601 5628
12437 12458
18631 18632
19734 19797
17047 17647
15542 16248
14241 15021
649 1032
14362 15139
7177 8064
3922 3934
8623 9539
325 332
1009 1451
5477 5478
68 226
17989 18472
11115 11984
6291 6292
11470 12339
3244 3942
2396 3048
6983 7839
18181 18196
13243 13244
12974 13809
1337 1809
7141 8007
80 92
16995 17608
2964 3644
16200 16882
5552 6375
19683 19697
330 623
5629 5657
19789 19796
6285 7126
19081 19395
9738 10628
19439 19456
17807 18302
322 330
3918 4654
13999 14800
18302 18753
12778 12811
18992 19010
7062 7941
1477 1486
19290 19307
17 26
779 1169
19395 19396
246 247
651 1035
19645 19656
7121 7989
19384 19396
168 184
5747 6576
463 483
16000 16690
7118 7976
8683 8712
405 422
13146 13170
19597 19608
135 146
663 664
19010 19025
19793 19794
8170 9022
230 231
11422 11446
152 153
6263 7100
16118 16146
19790 19797
3075 3101
14821 14838
11246 12147
16829 17513
14098 14885
7130 7990
404 422
9699 10589
9859 10745
2396 3020
4684 5473
539 910
1242 1731
7275 8115
18754 18775
11339 11368
18198 18217
6278 7117
4616 5392
19739 19740
14840 15601
19 39
3952 4718
199 214
4593 6203
114 298
16342 16355
623 624
2423 3049
12973 13777
6296 7138
7248 8115
18732 18754
9811 9833
8358 8391
460 480
8814 9720
7991 8867
14584 15383
16882 17490
12389 13239
7752 8623
3074 3731
19687 19699
387 404
575 591
19356 19366
15879 15909
2715 3356
19095 19111
23 153
3902 3919
500 520
17614 17624
18751 19130
17709 18236
306 318
5656 5685
4428 5166
2 7
59 218
13244 14065
15495 16225
11887 12746
7425 8261
1782 2343
1963 2555
620 1000
7622 7655
9791 9810
18648 19054
2010 2597
14082 14870
13093 13120
8590 9443
19062 19063
18197 18675
15200 15969
5451 6279
1945 1963
6896 7781
4678 5469
13170 14000
18199 18200
4048 4803
11618 12481
19064 19065
10660 11532
8622 9507
0 40
17 146
19189 19471
15324 16029
8944 8968
18519 18952
12746 13554
10626 10627
8883 9773
10642 11519
19379 19380
7362 8229
16803 17464
11503 12374
1979 2556
2580 3233
4683 5469
333 334
1124 1580
11181 12051
14071 14860
16998 17612
8043 8944
3948 4687
1757 2290
3438 4158
15520 15543
5601 6399
15625 16333
5467 5468
1783 1809
19775 19783
16357 16358
13302 14138
18156 18641
7811 8683
16929 16948
327 335
4700 5493
4735 5510
18694 19080
4429 5198
12974 13005
3224 3918
15878 15908
10744 11617
16661 16690
3945 4685
14922 15691
4700 4701
4216 5007
19053 19379
17611 18159
92 102
96 97
4697 4698
16982 17592
371 372
15691 15714
910 1336
125 324
2040 2041
21 31
5508 6329
7011 7037
17273 17301
11 89
7128 7129
9050 9970
19036 19365
14038 14836
1436 1451
11671 12532
18692 18693
3555 3585
17577 17578
626 627
13065 14674
18160 18161
4688 5481
502 521
18199 18677
16327 16328
19130 19438
29 40
14864 15618
7997 8875
1032 1033
13777 14553
1977 2569
17554 17555
18196 18197
607 608
10165 10199
540 890
14645 14674
5433 5450
10001 10885
1125 1605
11517 12387
19058 19377
9208 9241
13461 14271
5480 6299
18039 18061
331 332
1678 1704
7840 7868
8622 10396
11535 11536
1010 1454
19378 19387
317 318
2008 2009
19082 19384
11532 12400
622 631
14585 14615
698 1103
608 620
7120 7988
16633 17302
18773 19149
16328 16996
16 17
10066 11790
8741 9652
19348 19611
121 317
11986 12845
1018 1480
19384 19395
19558 19559
1451 1452
14836 15598
8000 9760
5576 5602
18165 18166
2262 2289
12403 13250
19668 19782
19307 19558
19094 19407
5906 6737
14163 14188
1537 1538
7141 8006
1123 1124
9476 10334
13227 14054
2936 2964
19575 19589
1241 1265
1519 1538
336 340
19630 19642
58 59
624 632
6313 6331
2691 3332
322 331
3240 3946
13241 13242
19390 19621
5391 5413
8868 9757
17191 17781
10982 11015
13239 14058
1007 1017
14118 14903
7060 7917
19380 19381
18731 18751
16602 17245
7893 8766
19590 19755
3934 4671
628 635
6312 6329
463 482
14852 14853
10610 10611
19010 19340
6770 6802
15692 15715
3240 3241
11522 12390
12402 13250
18015 18496
19059 19374
13746 14554
5628 6453
16491 17114
14553 15323
10300 11181
10628 11490
18659 19055
19149 19169
17780 18325
19762 19768
17910 17936
11 97
14701 15468
19111 19130
12812 13618
7130 7991
12418 13281
9699 10588
7978 8863
17008 17624
4684 5474
19559 19573
7622 8525
2692 3333
9737 10627
67 226
17615 18163
10886 11729
651 652
6201 7036
3255 3966
7974 7975
1730 1756
13839 14585
1289 1782
780 1171
4593 6202
680 1083
847 869
262 521
7247 8141
4048 4074
2155 2181
12878 13682
647 1022
6802 7688
16292 16948
1034 1500
823 1241
17014 17619
5341 5367
460 481
557 909
11082 11920
8814 9721
19642 19766
15230 15261
6264 6265
3237 3942
94 106
1016 1472
47 48
13460 14300
16906 17514
14853 15602
8901 8920
1048 1518
23 152
10033 10065
4217 5008
14883 15651
18279 18753
18731 19112
13210 14019
6956 7782
3021 3675
16416 17049
6288 7129
6201 7060
13402 14241
12942 13746
11506 12359
6225 7062
801 1217
10950 11854
2042 2648
8006 8007
16947 17575
18615 19037
2581 3234
18648 19055
309 319
4829 5656
332 624
3410 4158
19341 19587
14701 15440
17554 17575
14944 15691
2742 3410
1757 2317
12051 12941
6834 7720
7143 7144
17514 18083
1465 1992
81 82
19047 19373
18151 18629
5135 5970
14064 14862
53 77
3813 4543
15109 15850
2580 3234
8089 8115
4683 5468
1518 2040
19780 19788
19618 19619
9443 10333
19066 19067
12456 13302
346 650
246 483
17092 17116
4716 4718
9766 10653
1023 1477
15939 16661
13682 13714
17116 17709
11887 11920
3585 3615
15599 16309
6352 7200
6311 7142
5474 5475
13035 13869
19050 19051
3148 3170
14021 14022
6203 7919
4487 5286
3224 3919
14862 15616
14163 14945
3945 4684
19788 19796
1477 2009
13402 14213
19149 19168
17611 18158
92 103
12399 12400
12291 12315
16982 17593
7993 8869
18349 18373
1474 1999
18972 18991
2472 3101
19573 19587
19357 19600
10397 10428
17607 17608
18472 18496
16291 16948
9275 10131
5552 6400
13809 13839
13236 14061
18169 18180
18972 19324
7178 8044
8293 9241
11644 12532
319 609
19596 19754
9750 9751
18171 18651
16928 16929
3225 3226
29 39
33 44
6295 6296
14864 15619
7997 8874
9 11
3236 3937
11489 11490
9310 10167
2611 3269
18950 19288
19007 19353
3243 3244
16058 16088
143 374
17413 17989
9344 10200
13618 14426
5480 6300
424 443
16323 16324
632 1002
16029 16059
3982 4715
13211 14039
5198 6034
37 49
12910 12942
19779 19787
16718 17357
5511 6332
11532 12401
5367 6150
9242 10099
16992 17602
4157 4945
17536 17557
140 141
4716 5511
1705 1731
3963 4714
7120 7989
2371 2993
3126 3838
1473 1474
15022 15793
2041 2628
316 317
590 591
12017 12877
16270 16927
16339 16340
121 316
1605 2181
5480 5494
559 577
58 70
11920 11986
10679 11570
11728 12588
8882 9773
8492 9377
125 126
1558 1580
6865 6896
261 500
1035 1505
5136 5167
16831 16857
34 46
5368 7037
11789 11821
19756 19757
5314 6093
19456 19473
8064 8921
17831 18373
15820 15849
19700 19726
2591 3944
6640 7491
18640 19048
15138 15168
1010 1980
19372 19612
19575 19588
16328 16329
4568 5341
14426 15169
109 110
1358 1881
1453 1979
1990 2582
15413 16146
17191 17218
18952 19289
3240 3947
19602 19610
8043 8065
13431 14242
8868 9758
1007 1016
18183 18650
8004 8882
19571 19736
7590 8493
8943 9833
16999 17000
9810 10679
5449 5450
16334 16335
3149 3837
6034 6834
15519 16224
18953 19289
1313 1782
18255 18711
17667 18198
17613 17614
19374 19378
14096 14882
18950 18971
17015 17620
19777 19784
16290 16965
14330 14361
11617 12457
11522 12391
7132 7133
1809 1835
2042 2629
17603 18150
9568 10487
305 306
19696 19782
19619 19628
19762 19769
9750 10640
6002 6801
15601 15602
19609 19610
1084 1583
7036 7060
18447 18471
16375 16395
14820 14837
3938 4677
634 1016
1757 2344
18711 18731
7103 7118
6300 7145
16948 16966
15324 16059
10770 11669
4684 5475
16321 16332
12682 13491
16993 17604
5842 6639
17607 18155
8459 8492
10065 10098
847 868
19007 19008
12337 12357
14490 14522
4671 4672
36 47
17047 17666
3882 4615
15621 16340
5007 5778
13430 14241
9736 10626
12316 13170
19642 19767
11539 13252
18661 18675
17686 17707
19683 19782
4398 5134
636 1018
12375 12376
14801 14802
404 716
1036 1505
7557 7590
9857 9883
7687 7719
11116 12019
13093 13926
4657 4671
5470 5471
7976 8850
14673 15440
1473 2004
10640 10641
16929 17557
13303 14117
1018 1019
12377 12388
9598 10516
3049 3075
48 218
6294 7137
15139 15879
9884 9912
11397 12292
1018 1025
15620 15621
18197 18214
17030 17047
5810 5842
17000 17616
19696 19697
10885 11758
8874 9765
6607 7490
14944 14968
16089 16748
13682 14490
2742 3411
638 1020
3982 4733
19038 19366
1313 1336
7590 7623
14425 15199
18151 18628
14064 14863
14779 15520
12115 12147
15849 16546
1518 2041
14858 15615
8525 9410
17604 18150
10699 11594
1125 1583
2344 2993
388 404
78 79
1756 2343
7011 8741
1359 1858
1023 1476
619 997
10611 10628
24 35
3812 4542
8141 8169
278 279
3731 4458
698 716
14864 14865
10646 11522
12386 13225
14862 15617
3239 3944
11886 11919
13490 14300
758 779
18886 19249
17666 18215
1489 1490
14000 14021
10661 10662
16986 16995
1477 2008
12 146
2668 3332
14850 14851
13225 14052
16906 17515
5449 6263
4779 4780
12316 12338
19772 19780
15230 15968
7993 8868
1486 2009
13004 13868
21 29
7917 8789
6513 7394
10458 10487
8902 8923
346 358
13169 14020
16248 16905
18423 18864
1486 1500
2742 2768
13238 14052
19556 19736
12588 12618
13236 14062
19748 19755
15617 15618
111 120
12404 12405
17707 18235
13004 13808
15793 15821
10698 11593
16200 16857
7656 8526
19559 19725
8115 8994
9790 9791
3236 3938
19617 19627
609 620
104 279
18257 18279
17685 17686
19189 19209
1380 1881
19668 19774
2570 3223
99 109
1064 1065
2648 3310
14882 14883
19745 19753
17731 18278
17439 17465
7393 7425
8848 8849
108 116
11593 11617
3252 3253
631 632
19779 19786
4697 5479
16803 17438
4307 5103
18196 18675
9759 10649
16992 17603
637 1019
4635 4636
14489 15292
19598 19608
1857 2447
19722 19797
4129 4157
93 104
13239 13240
2180 2794
3942 4690
14271 15079
19095 19407
18650 19056
16335 16336
19743 19752
8005 8006
559 576
12373 12387
58 71
16374 16394
8902 8903
9050 9940
16603 16632
18541 18972
2207 2851
4246 4276
16089 16804
18542 18972
18082 18102
1470 1471
7985 7993
294 295
13191 13210
18640 19049
13348 14162
2599 3256
19372 19613
11552 12417
15634 16355
133 141
8006 8884
8425 8459
5197 6002
679 680
6298 6311
18950 19269
9940 10797
16632 17246
16574 17217
18300 18774
14000 14779
15765 15792
142 151
19340 19587
8141 8993
442 757
16059 16089
11671 12560
19438 19454
19114 19408
18775 19170
5938 5970
651 1036
13461 13491
5392 6225
4830 4858
17139 17756
8088 8967
13554 14362
4458 5227
9276 9310
8993 9911
19374 19379
14096 14883
19488 19506
1473 1999
4247 4308
18888 19230
5228 5258
19391 19392
19051 19059
10797 11670
868 1290
3615 3645
19422 19438
6292 6293
6374 7198
18164 18645
19383 19393
15108 15138
603 604
16881 16905
9750 10641
3903 3920
11 99
68 80
5468 6285
19802 19806
18600 18601
17438 17988
10679 11551
2207 2823
11533 11534
10856 11699
501 867
652 653
1002 1012
332 625
10516 10542
13241 14060
15602 16324
8008 8009
11822 11854
1421 1438
2083 2692
4688 4689
1217 1241
10826 11699
12316 13171
15600 15601
3555 4308
17781 18302
7958 7975
1903 2471
17016 17632
14059 14060
6956 6984
6202 7061
16856 16881
19031 19368
102 103
1419 1437
4398 5135
6276 7116
19290 19558
406 407
17605 17606
3171 3191
8944 9859
14270 14300
10609 11468
18302 18326
5342 5368
18819 19210
18601 19038
11182 11215
12618 13460
14870 15637
10365 10397
14063 14850
5811 6608
4688 6300
14116 14902
16225 16928
7126 7992
15293 15324
19077 19383
9766 9767
14079 14867
2004 2590
4684 4691
10199 11081
19615 19620
3759 4487
1241 1730
1979 1980
12531 13402
997 1009
17606 18154
14863 15617
13617 14457
3964 3981
389 407
19096 19114
969 1421
8065 8089
591 606
8883 9774
16631 16660
19792 19798
5104 5907
39 40
999 1454
12505 13348
11518 12387
18662 18677
15938 16660
6400 7248
6454 7303
13092 13119
2370 2396
17604 18151
10721 10745
8871 8872
2555 3193
1125 1582
16173 16199
16059 16719
19287 19524
2716 3357
6543 7425
4023 4047
12878 12910
19775 19776
998 1454
1025 1026
7752 8654
19589 19748
4678 4679
8922 9812
14138 14922
12420 13265
18301 18325
13243 14064
14884 15651
19623 19633
698 717
10646 11523
10798 11644
17602 18160
19421 19422
19170 19190
1218 1731
19673 19783
9765 10653
1035 1503
17617 17618
15691 16394
681 699
2181 2795
10234 11116
15636 15637
948 967
14163 14969
13230 13239
18236 18712
8023 8900
103 291
15850 15879
14866 14867
336 337
11618 11644
19454 19470
1580 1581
14021 14802
682 684
6607 7457
4733 4734
2447 3048
10 97
6802 7656
17005 17621
13171 13192
13302 13324
6575 7457
1488 1500
5197 5227
19229 19507
1808 1833
9767 10655
3236 3939
19617 19626
9411 9444
11116 11149
347 684
1025 1491
2598 3255
931 1360
1581 2082
6263 7117
95 107
11953 12812
18039 18062
41 43
10459 11369
4698 5490
108 117
4697 5478
1654 2181
11572 12458
9759 10648
19776 19783
1048 1064
5747 5779
14019 14038
17614 17636
17217 17806
316 328
332 333
18518 18951
630 1011
4976 5746
3942 4691
79 91
19382 19383
18663 19067
1437 1452
19764 19769
4700 5511
1858 1882
19080 19096
4733 5509
4976 6575
462 482
2795 2823
14300 15108
12560 13375
845 867
642 1026
2965 3645
4398 4428
8262 9112
8007 8022
16307 16308
632 1013
19094 19394
16518 16546
638 644
1704 2288
19599 19600
7655 8525
16376 17050
1628 2180
17302 17885
11552 12418
15022 15050
17911 18448
142 357
7139 8004
133 140
14067 14865
8862 9751
11517 12385
7960 8833
19486 19684
169 184
18423 18841
2023 2024
18628 19036
1468 1469
12457 13302
622 623
19081 19082
2741 3409
12618 12649
10199 10233
12385 12386
18819 19170
6287 7127
3150 3838
17116 17687
4130 4158
14840 14852
19604 19605
558 911
16575 17246
17593 18153
14065 14863
13245 13246
5415 6247
18676 18692
8900 9790
18158 18641
19488 19507
14489 14521
1925 3150
19748 19749
2082 2105
10797 11669
12402 13249
9810 10697
18180 18181
11446 12337
19230 19490
13064 13897
44 196
19383 19392
4657 5452
18447 18864
11149 12052
629 1007
16174 16831
335 628
91 92
19802 19807
17005 17006
12713 13553
15582 16308
1991 1992
18519 18931
2571 3211
607 969
16465 16491
7176 7177
2082 2668
19559 19574
1463 1990
16321 16322
14860 14861
128 339
19456 19671
19655 19773
19543 19559
19744 19745
17358 17937
4680 5461
14080 15634
12877 13713
3172 3861
19023 19352
15969 16661
11758 12618
323 324
7960 7961
10397 11309
18842 19210
17116 17732
6123 6984
18713 19080
17031 17666
6640 7524
11537 11553
19050 19058
1783 2371
16926 17555
19249 19524
2571 2573
3919 4635
16028 16689
5747 6544
6289 7133
15617 16335
17756 17781
14615 15413
2 3
3288 3308
17091 17114
10825 10855
107 298
519 538
9080 10001
19348 19370
2629 3983
13064 13925
8007 8884
19540 19724
17091 17708
2004 2591
1067 1084
19526 19712
18257 18732
12237 12265
13169 13999
2290 2317
3211 3921
14554 15354
13250 14079
14553 15353
18636 18641
2001 2589
389 406
3939 3940
18372 18373
19792 19799
357 371
11081 11115
16028 17329
56 226
260 276
13348 14187
7490 8391
9754 9755
5875 5907
13169 13191
16440 16465
7918 7940
7959 8849
5315 6123
17936 18423
1977 1978
19040 19366
14521 15323
4803 5628
1022 1023
6280 7120
373 719
2555 3192
8044 8922
2573 3226
2823 3525
19766 19767
3953 4689
17648 18215
19782 19790
9720 10590
19209 19489
5452 5464
9144 9176
4857 4885
5167 5198
27 28
19589 19747
15599 16310
12877 12941
18753 18775
6246 7083
12420 13266
10640 12387
4049 4779
19623 19632
1582 1583
4049 4804
16358 17033
16000 16719
11081 11919
19381 19382
3951 3966
8088 8943
7177 7198
3940 3941
15637 16358
10642 10643
18349 18372
15998 16058
6294 6295
14850 15609
19053 19375
6276 7129
25 47
12458 13303
4657 5435
103 290
15139 15909
19687 19713
8901 9810
8005 8883
358 372
346 356
14728 15494
19169 19189
18256 18277
19393 19405
423 441
11470 11471
19385 19617
15909 16603
19658 19671
3437 3465
10679 10697
12559 13402
14270 15078
5450 6244
57 58
3172 3192
11396 11422
16967 17577
18299 18752
7011 7894
19668 19682
156 169
9767 10654
18642 18643
3410 4131
10663 10678
14871 15623
15564 16271
15 151
2611 3270
10611 11471
14361 14393
18102 18599
7995 8872
16748 17386
19543 19725
15412 16145
95 106
3149 3171
19324 19325
9793 10680
41 42
5492 6311
16829 16856
2289 2317
1756 2316
4698 5491
2850 3524
112 113
17050 17070
19779 19788
2582 3222
7060 7893
7010 8712
10663 11551
4594 4616
13230 14056
7275 7303
846 1266
12392 12393
19325 19340
1265 1782
10 96
22 31
10590 11469
8169 9050
19251 19270
983 1436
18953 18972
16491 17138
17005 17622
45 184
19644 19645
606 619
1503 2043
7426 8230
19634 19635
15615 16331
2628 3270
18930 19288
10917 11758
34 45
3963 3964
19774 19789
67 79
2061 2668
19658 19659
1539 2083
1469 1470
10649 11525
18651 19056
1015 1472
1336 1857
18952 18953
9833 10720
12589 13431
7812 8684
8391 8425
3253 3950
133 139
14138 14944
8623 10398
7941 7960
17884 17909
1217 1704
3922 4671
13554 14394
16748 17358
19602 19609
15412 16117
16980 16993
2691 2715
2517 3172
2232 2260
6275 6276
1490 1505
19509 19525
16719 16748
6287 7126
14870 14871
6834 8559
1782 1808
19191 19508
19341 19354
5451 5464
17593 18152
18775 18797
4654 5450
9751 10641
5415 6246
14425 14457
18676 18693
361 684
5341 6150
5843 5907
2936 3644
2448 2472
19059 19378
909 930
608 985
4686 5476
18712 18713
16857 16882
2371 2397
12357 13210
19762 19764
1808 2343
17989 18015
9755 10645
7997 7998
128 135
9793 10664
17302 17330
17602 17612
19031 19369
18299 18751
618 619
2596 3252
19037 19365
153 154
2571 3210
19454 19670
15600 16310
15633 16355
19590 19599
8199 9111
15793 16466
8426 9345
4592 5341
12589 13403
16575 16603
11522 11523
11759 12650
15563 16270
13145 13999
19543 19558
18865 18887
114 295
19605 19606
4102 4130
9857 10720
17647 18181
373 389
652 1036
7999 8000
12588 13430
5843 5875
19031 19370
11729 12619
12416 13279
15908 15938
19043 19044
3941 4680
3465 4186
198 199
13145 13169
19673 19686
15108 15820
13809 14585
2571 2572
5552 5553
15625 17007
6289 7132
1835 1858
19712 19725
5938 6801
9812 9834
5551 6374
13303 14118
17832 18373
6176 7010
15616 16334
19743 19805
4680 4681
1336 1358
10651 11531
1944 2516
11422 12315
7223 7248
19765 19771
4684 4685
7200 8044
15609 16332
44 56
19737 19738
48 59
14673 14701
16804 17439
13240 14058
11618 12506
3211 3920
145 146
7061 7919
17685 18235
16690 17358
1962 2554
14645 15441
14067 14068
7036 7893
5939 6770
16660 17273
17070 17092
889 1336
17732 18257
3048 3731
2422 3048
132 344
260 277
7918 7919
405 716
1925 2472
3494 4216
198 463
19036 19037
4569 5343
501 520
2261 2879
6280 7121
4369 5136
4691 5473
17606 17607
8044 8923
19396 19624
6314 7143
12878 13650
7159 8008
16249 16928
2965 3615
15200 15231
359 700
17756 18279
15354 16089
15693 16417
1479 2002
951 969
329 330
19406 19407
14064 14072
3918 3933
19769 19770
19636 19637
77 89
5686 5716
36 37
19682 19683
14995 15766
3234 3931
19647 19659
339 349
19053 19374
1066 1520
12942 13714
11369 12267
997 1436
68 244
10700 11573
48 72
17274 17859
346 357
10950 11015
19079 19094
17000 17615
18256 18278
8885 9775
9833 9857
15468 16224
19799 19804
19392 19405
18102 18121
17609 18157
138 139
19111 19407
11552 11570
9539 10398
19151 19455
7117 7975
12681 13553
11246 11278
2261 2289
1559 1581
10664 10680
17047 17648
12357 13191
8886 9776
19786 19794
1358 1857
11527 12395
7142 8007
13244 13245
12419 13265
17619 17620
99 110
19776 19777
3254 3963
5257 5286
3309 3332
18840 18841
308 593
2289 2937
2582 3223
10660 10661
606 983
950 1381
1019 1480
13230 14057
1503 1521
16992 16993
1049 1067
698 1083
19372 19373
17515 18083
4735 4757
3942 4689
7893 7917
2936 3614
10949 11014
12941 13777
16 145
183 184
3191 3902
11952 11984
19749 19756
19784 19791
9443 10300
15615 16330
3252 3949
12266 12267
18886 18908
18865 19230
19057 19067
67 78
16690 17302
5971 6003
10649 11524
9758 10647
90 100
2593 3239
11594 11618
14241 14270
481 801
3704 4399
13250 13263
17606 18155
15766 16466
19042 19043
14117 14903
3253 3949
7199 8043
19789 19790
17884 17910
1487 1500
3357 3383
4216 4246
7986 9749
4 8
7101 7939
4277 4308
13618 14458
142 154
9698 9699
16029 16719
19438 19453
19114 19423
18772 19148
6151 6177
19725 19737
130 341
3223 3224
19423 19439
15622 16340
8170 9941
14098 14118
6453 7274
4369 5104
2574 2583
4670 5449
2715 3382
14489 15261
14139 14945
15108 15849
4677 4683
2992 3644
10698 10720
3952 3953
7688 8526
19044 19049
11758 11789
18214 18676
19728 19739
15614 16330
7959 8832
19323 19339
3021 3732
15495 15496
11048 11887
103 276
6003 6034
19171 19191
801 1193
802 1242
17989 18014
16984 16985
9755 10644
17465 17490
213 228
19596 19608
11148 11181
10 84
17685 18214
15599 15600
15713 16440
101 102
1002 1011
8326 9242
3883 4594
11521 12390
14054 14055
10886 10918
3981 3982
6277 7116
18060 18540
19509 19685
1881 2447
11617 12480
14802 14821
5874 5906
4102 4131
11397 11423
7134 7135
13265 14098
11525 12393
2024 2040
501 823
19424 19646
718 1126
11519 12388
3049 3760
1217 1730
9755 9756
680 697
18180 18660
10640 11517
15468 15494
12358 13211
3125 3786
1679 1705
15138 15878
7333 8170
13251 13266
7978 7988
3861 3883
18014 18015
8142 8994
17217 17780
8713 9626
2629 3271
16395 17092
11468 11488
69 70
19657 19670
8870 9760
15998 16028
3209 3902
245 261
5039 5842
5449 6277
18519 18541
18155 18640
10459 10488
1654 1679
824 847
14458 15262
6426 7275
19765 19770
12238 13093
6482 7362
16174 16857
4338 5134
12293 13170
6002 6833
1438 1963
7333 9051
13240 14059
18989 19008
7061 7918
7839 8683
17606 18153
19768 19776
8922 8923
1193 1217
2586 3231
2106 2692
7102 7103
1359 1381
10649 11516
19338 19586
18060 18561
13247 14067
11469 12316
19008 19024
7011 7868
5367 5391
15620 16340
4569 5342
17016 17030
3936 4682
346 663
737 757
19558 19573
7894 7918
757 758
213 229
9651 10541
15612 16326
14115 14116
951 968
1471 1997
998 1453
4398 5166
4399 5167
5367 6201
12559 12588
3223 3933
327 334
633 1013
10200 11986
8142 9022
18616 18617
8741 9626
17731 17755
19647 19658
12811 13681
1066 1521
7958 8849
5315 5342
13227 14040
10334 10366
306 574
3241 3242
13926 14729
6150 6983
8968 8994
11669 11670
4858 5629
2628 3308
19672 19686
1997 1998
4024 4734
7990 7991
9144 10066
13120 13977
14554 15324
19624 19625
324 332
181 197
4778 5601
17465 18014
16321 16993
16776 16804
6897 7752
12238 12266
716 717
17831 18349
7117 7974
15613 15614
3495 3525
12148 12179
214 230
1559 1580
15624 16333
11047 11919
8886 9777
3952 4701
11759 12619
11527 12394
19636 19762
16309 16967
19571 19572
19054 19062
1008 1009
5104 5136
18636 19049
4858 5686
19770 19778
71 94
11517 12386
19439 19473
2517 3150
14885 15652
19287 19557
127 327
14885 14886
6331 6352
17535 18060
13898 14702
15740 16417
2370 3020
12506 13325
19395 19409
5414 6246
666 684
19009 19010
2992 3674
5874 7523
4217 4977
930 949
17139 17732
1678 2232
575 909
6453 7302
6033 6896
12359 12375
1049 1066
6331 7200
4429 5228
7120 7978
7083 7102
19042 19048
3760 3787
3243 3953
3942 3953
2583 2584
1653 1678
6608 6640
19669 19670
2397 3049
19644 19656
2584 2585
182 198
17603 18161
6331 6332
1993 2574
19749 19755
348 361
4102 4830
12390 13240
34 184
8392 9242
7120 7121
19596 19606
30 52
4672 5465
2043 2630
15353 16058
4616 4637
2586 3236
228 245
4543 5315
18060 18082
2471 3100
24 156
90 101
2879 3555
19540 19556
10886 11759
16343 17017
19025 19038
663 1047
16775 17412
78 90
13777 13808
17988 18518
6123 6151
347 653
17070 17667
19058 19068
1490 1491
3947 4687
18600 18616
4 9
1996 2587
10885 11728
17962 18471
13461 14301
217 218
2023 2611
15879 16575
18772 19149
18638 18639
15622 16341
12812 13586
15635 15651
16224 16905
18910 19270
7940 8813
4677 4682
6285 7992
17617 18165
19231 19525
3357 4075
19761 19772
15231 15262
4700 4716
2025 2630
19603 19604
14945 15692
18037 18518
7129 7974
15651 16373
4976 5778
2397 3021
4780 5552
16926 16947
19787 19795
13236 13242
19171 19190
6203 7061
15441 16174
18137 18629
3950 4698
14330 15108
17139 17165
14057 14854
1605 1629
780 802
10366 11279
2589 2590
757 779
13522 14362
19424 19440
4701 4718
823 845
5040 5072
8813 8814
19363 19607
15633 16342
3786 4515
3966 4716
198 214
14644 15412
12391 13241
1560 1582
19655 19774
2574 3226
11953 12845
14521 15292
18630 18631
1581 2105
3759 3786
15672 16375
13212 14040
3812 3837
3332 3356
131 341
1731 2290
13521 13553
19470 19670
11822 12682
2583 3228
10640 11518
17631 18181
18599 19024
1 5
8832 9719
13210 14038
19050 19057
13266 14082
18600 19009
12480 13324
13326 14139
16689 17301
16310 16967
18581 18599
19740 19750
9343 9377
14065 14066
16000 16661
19657 19669
19601 19602
2767 2794
6297 6298
3238 3245
15584 16292
16986 17607
620 999
7939 8789
19023 19037
1066 1084
3101 3126
18601 19009
18989 18990
443 463
18256 18300
5478 6296
6287 6288
1314 1809
11643 12480
17574 17575
3883 4616
14270 15049
6312 7157
9858 10745
18120 18629
539 867
134 361
7222 7247
18082 18561
16117 16803
1012 1468
621 622
4570 4594
1103 1580
643 1026
6063 6896
1469 1994
4803 5601
10771 10798
15168 15908
12404 13266
329 622
7394 8200
167 422
4696 4697
1809 1834
12398 13247
13252 14070
19782 19789
10397 11278
15612 16327
15611 15612
19804 19805
14490 15293
9476 9508
16290 16308
1471 1996
18180 18649
5040 6672
2042 2043
9752 10642
5938 6737
18674 19078
3148 3171
4074 4803
16689 17329
18161 18639
1960 1977
337 343
1833 2422
19625 19626
3243 3951
2471 2493
1490 2027
14080 14081
19231 19251
7996 8887
14019 14837
8623 9508
19597 19754
183 199
3939 4677
12505 12531
5602 6454
336 341
617 996
124 300
19687 19791
19393 19394
9144 10067
19097 19409
423 442
14081 14096
16981 17591
181 196
16334 17007
17859 18374
16632 16633
10429 11310
16321 16992
12238 12267
11984 11985
19269 19524
19375 19380
9700 10567
17164 17190
1993 1994
2154 2741
19714 19798
214 231
11729 12589
17707 18255
5104 5939
16117 16775
780 1218
11524 12392
16309 16966
6280 7119
13226 14052
640 647
12178 12208
19726 19738
9912 10826
127 326
2130 2742
4755 5551
1995 1996
11082 11986
664 1047
19041 19042
11532 12399
18864 18886
16325 16994
9790 10678
13302 14116
15049 15765
19588 19599
10650 10655
18661 19065
4697 5490
10656 11528
11523 11524
7812 7840
10033 10917
18166 18167
319 320
182 199
12115 12973
11489 12359
14116 14922
19633 19643
19340 19341
19491 19671
17858 18398
77 78
19384 19385
229 441
13303 13326
4024 5575
9275 10165
7996 7997
10131 11047
19491 19509
14857 14858
17329 17910
10002 10034
17611 17612
9776 9777
1032 1486
538 539
8864 9753
3150 3172
9081 9971
18633 18640
143 156
9241 9275
17616 18165
9700 9720
19540 19557
651 665
16965 16981
15850 16575
6833 7655
9676 10541
17534 18102
19368 19369
18518 18930
10033 11821
12457 13324
18182 18183
13326 14117
10167 11082
10398 11310
180 181
347 652
7781 8653
6313 6332
19646 19658
19114 19131
8294 9176
3947 4686
10642 11507
19745 19807
18120 18137
13264 14096
15602 16325
142 152
2023 2610
8683 9568
14054 14840
16518 17164
1834 2397
6286 7126
17 18
13065 13898
7426 8294
7103 7976
19793 19799
6704 7556
3951 3952
14213 15021
6298 7141
14778 14800
15022 15766
19523 19524
16830 17464
17649 18182
2010 2023
10629 11490
1502 2040
19777 19778
4715 5508
12266 12292
18164 18165
2554 3190
15614 16328
19787 19794
10099 10132
3525 3555
6705 6738
7687 8590
19251 19525
3950 4699
19250 19251
16028 16058
14057 14853
14851 15610
10654 11526
4023 4734
19802 19803
592 607
7589 8459
11571 12436
13034 13868
7198 8064
19778 19779
2180 2206
6352 6375
19659 19775
13005 13839
43 55
889 1313
11789 12649
14838 14839
8041 8920
66 78
17620 18169
339 340
17885 18399
12391 13240
1560 1583
11985 12017
19031 19043
3704 4429
12481 13325
3209 3224
10826 10856
6276 6277
5493 6332
15672 16376
10166 11015
18 28
18150 18639
123 321
8849 9737
15597 15598
3674 4428
19405 19406
12682 12714
640 1022
3271 3965
118 119
13491 14301
1925 1926
6292 7134
4594 5392
19043 19049
23 32
406 424
14853 15611
1521 2043
13266 14083
4696 5478
19068 19376
5629 6454
19078 19094
18582 19009
19722 19734
19382 19392
11047 11081
17386 17963
93 94
9539 9569
14082 14886
14702 15469
19743 19806
10699 10700
1418 1436
17620 18180
4075 4804
8621 8653
18038 18061
31 41
6285 6286
17593 17605
10651 11532
16857 17465
19352 19353
18164 18643
10515 10541
18648 19062
11729 11759
4885 5715
19596 19759
443 462
12910 13714
19656 19657
6283 7130
13119 13145
3227 3935
12388 13229
14994 15021
3309 4023
6244 7081
574 590
18636 18637
6312 7158
15496 16928
16984 17605
14330 15138
10002 10918
10624 11516
14554 15384
2011 2612
16146 16174
9736 10627
1519 2061
1489 2011
8294 8326
3222 3931
2316 2343
12877 13745
10680 11553
9175 9208
329 621
19727 19798
8684 9569
19486 19488
18661 18674
4696 4698
17092 17115
9736 9737
13252 14071
19190 19210
9378 10234
11279 12148
1103 1123
9677 9700
13252 13253
19585 19597
18196 18661
6425 6453
15021 15765
13243 14071
18326 18775
17909 18423
2992 3703
679 697
18674 19079
18161 18638
1960 1978
19635 19647
19190 19490
3021 3704
2715 2741
19788 19795
16999 17008
15608 16331
12 136
16856 17513
17138 17731
7127 7985
19231 19250
6293 7137
10566 11446
8789 9699
603 618
8114 8967
1451 1464
6225 6246
19168 19169
17859 18399
9345 10234
78 91
336 342
16829 17464
16308 16965
2590 3238
17633 17634
16980 17591
15582 16290
1169 1193
14869 15634
19757 19758
14061 14858
8065 8968
30 31
647 648
779 1193
19786 19793
136 137
18182 18200
3732 4488
198 443
4025 4780
13226 14053
18103 18582
8921 9811
3437 4186
19801 19802
166 180
18372 18796
134 348
11886 12745
17490 17514
2130 2743
11524 12393
16997 16998
16999 17624
17049 17666
664 1048
19378 19379
666 682
650 1047
1265 1730
19606 19607
16602 17217
14861 14862
5449 5463
7176 8041
14883 15635
3919 4654
14903 15652
17515 18084
5685 6512
801 823
12399 13247
13490 14330
16926 17534
10656 11529
18037 18060
4756 5552
19600 19601
14457 15261
16881 17513
16088 16775
19755 19756
19416 19642
11537 12404
3965 3966
11489 12358
4804 5602
13403 14242
6483 7363
105 106
14923 14945
14066 14067
6576 6608
12397 12398
15468 16199
19491 19508
6313 7178
7996 8009
6225 7919
9775 10678
8864 9754
7974 7987
15078 15108
7158 8023
16173 16856
9111 10001
10301 10334
18013 18518
2517 2537
13348 13374
1014 1470
213 441
1990 2569
13349 13375
9883 10744
17609 17610
322 323
17648 18196
13004 13034
6283 6284
13264 14097
3949 4696
341 342
142 153
18637 19046
7128 7985
12405 13252
17535 18082
374 390
14820 15563
23 31
12650 13491
17576 18122
144 156
19230 19231
5071 5874
7119 7977
10643 11520
10588 11468
1945 2537
19673 19775
7062 7919
19793 19800
18157 18641
15049 15792
4700 4718
5551 6350
19081 19097
6375 6400
8903 9793
1488 1502
10610 11469
13618 15231
9858 9859
2554 2570
17707 17708
19068 19384
16373 16374
3235 3236
3983 4757
3950 4696
11728 12559
12746 14394
335 627
10654 11527
6927 6956
10650 11531
19723 19736
5471 6275
3921 4671
11553 12419
10366 11247
43 54
18989 19323
2598 2612
3931 3932
19742 19750
81 264
19805 19806
19031 19042
57 231
2570 3224
14868 15621
19571 19585
9749 9750
5746 6512
17859 17885
8526 9411
5167 5971
12084 12942
47 218
17592 18152
2716 3383
5368 6202
8866 8867
640 1023
7919 7940
4368 5134
3943 3945
4637 5415
122 123
19043 19048
19632 19643
14884 15669
10855 11728
17780 17806
7556 8391
11822 12650
6332 6353
245 480
9765 9766
16926 17556
12374 13210
15542 16270
1034 1048
19025 19026
19722 19735
19322 19572
19712 19713
17490 18038
19306 19339
11521 12389
11471 11489
19189 19489
1418 1437
13209 14038
9377 9410
11048 11854
983 997
106 107
801 1241
11853 11886
19472 19491
3126 4569
1858 2423
318 604
17165 17756
3921 4657
5413 6245
6284 7130
17114 17731
11488 12337
3466 3495
2002 2589
9677 10567
3227 3934
910 930
18154 18632
574 591
3494 3524
17330 17358
7116 7129
10624 11517
15669 15670
90 91
17707 18277
12052 12910
7157 8023
18324 18752
9276 10132
7223 8065
9507 10428
699 700
11671 11699
4187 4217
482 483
3243 3256
6264 7103
3732 3760
18138 18616
9812 10700
12208 13034
14584 15353
845 1265
18542 18562
8872 9762
1471 1998
10626 11518
7894 8741
13 28
624 1013
9834 10721
16417 16441
9344 9345
16775 16803
636 644
15820 16518
6299 7145
3357 4049
13281 14115
19190 19191
15621 15622
12618 13490
9760 10655
19628 19760
8041 8901
12 137
2206 2232
11526 11527
17007 17613
340 643
168 407
19797 19803
116 117
14040 14054
8789 9698
5343 6202
1993 2583
8200 9051
1265 1289
10199 11115
5286 6093
19307 19573
19799 19800
4656 4657
6400 6426
11570 12418
16546 16574
11278 11309
1480 2002
18542 18991
13952 14755
2583 3226
9652 10516
9698 10588
17069 17091
100 101
968 969
2594 2595
1881 1903
16830 16856
5657 6513
17555 18121
8887 9777
136 138
337 639
15908 16631
4635 5412
19486 19698
9411 9476
16882 16906
639 647
19770 19777
17636 18162
308 319
6426 6454
166 181
17385 17438
2233 2260
948 949
5008 5779
11447 11469
4023 4024
8713 9569
19745 19746
576 950
16441 17115
16375 17050
651 1049
1654 2207
3935 3937
16416 16440
117 124
7176 8042
17610 18158
16983 17593
18908 19269
8869 9759
12396 13244
18663 19057
4756 5553
3902 4635
306 590
3254 3269
19390 19391
3674 4368
68 212
15384 15413
11505 12357
19029 19368
6865 7719
1084 1539
16271 16929
460 461
5435 5451
7062 7083
19762 19763
634 1004
18122 18600
2742 2743
19709 19710
2586 3235
8293 9208
17003 17629
14886 15636
2692 2743
54 66
3938 3939
1015 1016
18601 18617
7985 7986
11699 11729
19029 19042
13926 13952
665 666
19077 19078
15079 15109
19 21
12619 12650
167 181
2370 2992
18153 18154
17731 18256
1539 1560
6122 6926
890 1314
623 631
14 139
8526 9444
1604 2180
17648 18197
3437 4157
3231 3939
18349 18773
11886 12778
131 139
3101 3787
13584 14393
8920 8921
18645 19052
5907 5939
3932 4681
19380 19390
19355 19600
575 930
1066 1539
6033 6865
11339 12237
9652 9677
4857 5715
13093 13898
19685 19686
19648 19768
18646 19054
2316 2964
7158 7176
16966 16967
7458 8326
10132 10166
11536 11551
19597 19598
11506 12376
18754 19131
13586 14394
910 1358
14861 15625
3936 4674
3952 4688
19168 19471
8813 9700
12456 12457
6177 7037
19269 19287
5657 5686
14300 15078
592 593
15999 16029
14854 14855
7061 7894
13976 13999
11181 12018
12375 13227
4637 4655
13211 13212
1488 2024
2851 3525
14861 16333
2009 2596
11526 12394
19113 19114
1019 1473
19066 19082
19229 19524
19742 19751
13279 14081
1925 2495
19796 19797
5746 6543
19709 19797
17092 17687
14868 15622
3410 3411
643 644
16336 16999
15623 15637
10646 10647
7998 8876
18103 18600
19325 19573
4131 4158
18 26
2493 3148
4592 5391
128 349
123 323
17591 18137
3437 4129
131 342
13898 14674
7133 7134
19785 19793
17489 18060
7139 7140
1924 2493
359 373
19575 19738
6926 7781
717 1123
10770 11643
2234 2262
19364 19607
14214 14995
3584 4276
14837 15582
277 292
1559 2081
12844 13713
340 644
6093 6122
11538 11539
7589 8425
14063 14859
1469 1996
13325 14163
17806 17858
2964 2992
8261 9111
14802 15564
318 605
3921 4656
19631 19632
10662 11534
3813 5342
3934 3935
3222 3234
18797 19170
6284 7131
8812 8832
19728 19740
17190 17217
7142 7157
8326 9176
8008 8903
18154 18633
17634 18170
6 8
17648 17666
19338 19598
2611 2627
7157 8022
5166 5970
18694 18712
4570 4593
8873 8882
3704 4459
14969 15715
15496 16249
7782 7812
1466 1467
11887 12779
13171 14000
19727 19747
18300 18301
11853 12681
5475 5476
15792 15820
8900 8901
15050 15821
18448 18472
17050 17649
18542 18563
14923 15692
19357 19609
127 316
1360 1835
6955 7781
34 35
19307 19325
11423 11447
18674 19077
19751 19758
3193 3884
16248 16270
8861 9751
5342 5343
6299 7144
3242 3250
19788 19789
13349 14188
681 700
13191 14020
2471 2494
9343 10199
8041 8900
2206 2233
14059 14855
16905 17556
1 40
11534 11535
8024 8044
650 663
2587 3231
9912 9941
2081 2082
4915 5746
2937 3615
278 559
7491 8392
5530 6353
1520 2042
18796 18818
7332 8229
19615 19621
8115 8142
1480 2003
229 245
294 307
13035 13065
5473 6291
5 53
15740 15766
3952 4689
17833 18350
424 759
337 638
7782 7840
18121 18615
950 968
5842 5874
14082 14083
19795 19796
3172 3883
18628 19047
7062 7940
19726 19737
2878 3554
2344 2965
16322 16993
13650 14458
6064 6094
113 305
576 951
18712 19113
18692 19079
10166 10167
10487 11368
7941 8814
1036 1490
19405 19623
18015 18519
3190 3191
2580 2581
3935 3936
5576 6426
19131 19151
12017 12018
8875 9765
18713 19113
17631 18180
14241 15049
19542 19558
316 327
8869 9758
9719 11504
18641 19049
664 679
4428 4458
10590 11447
19753 19754
18663 19056
197 213
520 538
11368 11396
16519 16547
441 460
19352 19364
11670 12531
12531 12559
19489 19507
14701 14728
1420 1904
1 52
19632 19642
8882 9762
12481 12506
3964 4714
967 1400
19048 19049
11698 11728
6482 7302
81 247
18397 18841
13374 14187
404 405
16466 17115
14886 15637
6802 7623
1539 2062
18601 18616
19023 19365
11014 11919
9758 10648
19029 19041
651 666
17165 17191
7998 7999
18374 18797
6282 7990
19 20
13281 13282
16357 17033
6544 6576
14851 15597
5778 6575
199 231
246 262
1014 1468
19727 19739
80 260
14188 14214
19067 19082
19602 19603
5462 6277
16831 17439
12339 13192
1464 1977
18159 18637
9143 10033
18637 19044
998 1438
7140 7141
19041 19048
16546 17164
4186 4945
2850 3554
19322 19571
650 1033
15050 15079
17633 17649
9022 9884
12480 13348
16748 16776
6640 6672
19629 19630
13349 14163
6265 7118
10664 11537
2590 2591
16929 17536
8791 9677
18887 18888
125 326
10652 11538
10744 10770
6265 7103
16325 16326
2716 2743
14852 15601
6770 7623
19709 19790
14865 15619
14861 15624
9791 11551
230 483
12266 13093
7918 8767
19251 19526
3244 3245
2572 2573
19687 19783
5509 6350
2907 3614
19036 19047
19491 19525
11593 12457
10650 11529
9776 9793
1882 2472
16394 16416
16089 16776
18037 18951
7127 7128
4886 5716
2612 3255
16341 16342
12315 13145
18648 18649
19229 19523
17017 17621
557 575
9508 10366
4217 4247
7655 8558
11919 11952
16330 16998
18 27
11529 11531
9940 10825
5434 6247
123 322
13430 14270
631 1002
2024 2611
10797 10825
16341 17004
13746 14585
93 264
10720 10744
1217 1678
18632 19039
4307 5039
107 116
18015 18039
9022 9912
10429 10459
7985 8869
14837 15581
18953 19324
277 291
18863 19209
3241 3250
7688 8559
2001 2600
10798 10826
18633 19041
17554 18137
19420 19645
4002 4734
2554 3209
1469 1995
7751 7781
19439 19440
35 47
17489 17513
17274 17833
16947 16965
8851 9752
16440 17069
521 869
759 781
10662 11535
48 49
7589 8492
18169 18649
5475 6293
19385 19386
780 781
500 519
19624 19634
7622 8492
3382 4129
14060 14857
13925 14728
4101 4885
24 169
3228 3935
10652 10653
781 1171
332 623
14856 15613
19683 19696
19790 19796
17273 17858
19700 19791
12052 12878
13236 13237
11617 11643
15620 16337
8293 8358
18694 18713
15765 16491
19025 19354
2106 2130
19585 19736
293 294
18950 19306
19369 19370
19322 19338
19471 19489
4429 4459
9761 9762
8872 8873
2536 3190
12401 13249
1454 1979
14361 15168
9740 10628
13 137
2907 3554
2556 2572
19026 19356
717 737
11822 12714
18154 18155
19148 19168
8492 8525
9377 10267
19307 19324
11573 12419
19470 19489
6314 7159
10609 11488
11953 12779
8861 9750
11081 11952
1125 1147
11523 12391
7138 7995
14271 15050
8426 9310
7332 8199
17330 17885
4945 5007
14162 14944
19055 19063
11397 12267
12373 12374
1904 2472
7145 7996
3237 4691
17190 17780
12713 13584
10679 11552
1486 1487
18255 18277
6 10
17032 17633
3759 4515
5970 6002
10034 10918
15713 16394
300 323
3231 3236
17514 18061
12437 13303
7100 7958
14116 14138
2317 2344
19456 19646
347 361
17069 17685
17014 17620
14553 14584
55 56
3813 4569
5 52
9652 10542
19617 19618
17578 18152
19605 19613
15939 16603
4656 5434
3288 4002
19338 19339
3760 4488
7116 7974
155 390
2555 3210
7199 7200
632 1012
17687 18216
2154 2180
108 109
3645 5136
37 39
7941 8813
19405 19622
3150 3861
15636 16357
15969 16000
15079 15080
7985 8860
69 231
2669 3333
13925 14701
537 557
19522 19724
18255 18693
11339 12208
664 680
19408 19423
153 165
16519 17165
19453 19657
520 539
4687 5477
6704 6737
6984 7011
2493 2494
19352 19365
18167 18647
18216 18217
230 247
8901 9791
634 635
12941 12973
3964 4715
18540 18951
18168 18169
12403 13263
11759 11790
2595 2596
10487 10515
13925 13951
889 1289
1520 1521
6245 7082
7222 8088
19029 19040
8621 8622
16145 16803
11182 12052
14855 14856
17002 17003
1679 2207
5481 6300
1014 1469
7394 7426
14 137
19727 19738
3675 4399
1065 1558
2062 2669
165 180
442 779
16335 16999
12458 12481
5368 6177
14072 14861
18159 18636
18399 18842
16327 16996
5392 6203
11015 11048
5414 6225
7892 7917
1451 1960
16329 16998
13263 14079
7119 7978
6738 7623
338 349
46 218
19421 19437
6264 7102
18646 19052
4246 5810
18423 18447
12265 13119
18199 18662
125 325
10652 11539
4130 4858
9760 9761
10033 10949
2129 2154
14852 15602
9763 9773
1420 1926
3585 4308
1834 1858
2768 3410
7458 8294
16857 17490
5451 6265
11519 12377
16547 17191
19081 19096
17513 18060
2767 3409
16342 17016
11593 12456
3309 4047
5685 7362
6293 6294
13265 13283
13808 14644
18084 18562
4024 4778
6672 6705
15 20
11529 12399
323 331
1704 2260
19066 19080
6299 6314
293 559
557 574
5039 5071
19714 19738
11533 12401
3675 3704
557 591
407 424
5508 5509
19571 19586
15601 16323
2993 3021
17831 18774
3965 3983
12116 13809
6281 7121
14645 14702
8833 9721
15581 15582
18278 18300
6425 7247
10542 10567
12373 13226
14 20
2003 2004
576 577
16376 17032
19686 19687
626 633
9022 9941
19800 19801
9719 10627
19026 19366
558 576
2583 3227
17116 17139
6576 8294
2024 2627
7426 8262
10233 11985
4635 4654
1472 1998
4701 5494
18015 18038
331 623
12589 12619
8864 8865
12374 13209
10650 10656
4429 5167
19356 19357
12 17
9761 11531
16291 16292
14945 15715
11471 11490
7868 8713
5471 6287
59 71
8713 9598
35 46
9941 9971
3645 4369
5939 5971
577 951
7974 8862
11699 12589
11488 12357
44 55
19064 19077
144 361
19624 19635
8262 9176
91 101
13246 14066
5415 5434
10541 11396
18818 19169
14856 15614
19130 19422
18888 18909
19714 19791
18649 18659
19616 19617
3813 4516
337 647
15620 16338
3256 3951
14020 14800
3438 4187
14800 15542
13869 14674
780 1194
19590 19601
19699 19713
10624 10639
5461 5462
1359 1360
7081 7939
1756 1782
19322 19339
1882 1904
6897 6927
5434 6264
1834 1835
16332 16992
18660 18661
1023 1486
3075 3787
9740 10629
18139 18152
2691 3356
19066 19081
3210 3211
6123 6956
16882 17514
4593 4594
18647 18648
19713 19726
7393 8229
930 1358
3239 3240
22 152
1218 1705
18277 18731
10628 10629
8861 9749
19381 19390
19408 19440
12237 13064
13585 13617
17577 18138
7989 7990
17030 17632
18084 18103
15714 16465
461 779
19055 19062
9568 10458
2516 3170
1020 1474
7623 8493
105 114
802 824
129 130
1017 1989
13244 14064
3983 4735
16991 17612
12560 13403
5342 6151
641 642
16334 17008
13746 13809
11536 12416
19054 19375
19375 19379
17439 18014
2261 2851
19739 19747
10131 10165
3238 3944
16602 16631
19391 19621
2472 2495
16775 17438
336 638
1679 2234
19409 19634
7656 9378
10588 10589
1520 1539
15323 15353
699 1126
18950 19287
18162 18642
19764 19770
19801 19806
17619 17629
16980 16981
9753 10643
14521 14553
10855 10885
1147 1629
6275 6288
1400 1419
7135 8000
19604 19606
19423 19440
665 1049
196 197
11516 12385
15636 16358
18062 18562
17034 17634
16983 17605
69 230
17610 18157
16309 16310
17004 17014
22 23
19191 19455
9508 11279
16 156
129 339
4687 5476
3020 3703
18156 18157
1653 2206
7992 8867
11279 11310
4674 5467
1491 2027
8901 9790
13584 13585
9912 9971
7989 8864
15652 16357
1808 2370
18471 18930
120 121
15200 15909
6705 7524
19057 19068
1999 2000
2597 2610
9309 10165
12390 13239
6245 7081
17911 17937
540 541
16965 17575
3860 4615
18660 19065
9720 9721
14187 14968
19094 19095
8115 8968
15413 16118
19378 19614
9569 9598
167 404
7137 7138
19630 19761
1904 1925
3614 4368
9736 10641
4459 5228
10630 11506
13324 14162
10459 11340
9443 9475
19097 19408
19794 19802
3884 3903
19750 19756
17937 18448
13403 13431
18646 19053
2907 2936
12436 13281
18279 18302
14870 15623
4734 5529
17647 17648
11506 12375
9858 10771
10639 10649
2234 2261
1033 1034
349 653
6704 7589
16719 17358
13808 14584
14702 14729
3937 3938
2207 2795
18841 18864
18150 18151
13325 13326
10165 11081
11507 12377
2082 2691
8392 9276
19596 19607
14301 14331
17164 17731
5810 6639
823 843
3903 4655
7178 8024
101 111
19363 19613
15293 16029
132 133
11529 12398
18163 18643
307 593
11535 12416
5477 6296
19064 19383
14138 14162
14800 15563
16356 17030
18061 18083
3948 4696
14615 14645
1104 1583
758 1628
18819 18842
15440 16145
9857 10744
10398 11279
18278 18301
3949 3950
7274 7302
12373 13225
19437 19645
14821 15584
3289 4003
17615 17616
16376 17033
338 653
2260 2878
19636 19648
4338 4368
16375 17070
18180 18659
17534 17555
3289 4757
359 374
4399 5136
18753 18754
7363 7394
19191 19472
2448 3075
3289 3310
5071 5842
1126 1147
16307 16980
17554 18120
16200 16225
17357 17412
1559 2082
12 18
7491 7524
11920 12779
19682 19782
19622 19623
2669 3310
18155 18633
15609 15610
82 93
2580 2588
8832 9737
2768 3466
11422 12291
2004 2592
12458 13326
15608 15609
3227 3922
6544 7394
4003 4757
0 37
13246 14067
538 557
7082 7939
501 845
14839 15600
290 306
7140 8004
19575 19747
18562 18563
11520 12388
1012 1466
15624 16344
15620 16339
2154 2794
15563 16290
15 21
18711 19095
136 146
19699 19712
104 294
3524 4276
3936 4673
17014 17015
12456 13282
18424 18887
6292 7135
12179 13005
13247 13248
12084 12910
6704 8492
7332 8169
1502 1518
5198 6003
19743 19744
9740 10630
7363 8200
6375 7199
8229 9111
605 606
19713 19725
2597 3254
6351 6374
7302 7362
10647 10648
19734 19803
2850 2878
19603 19611
19473 19491
17015 17632
8766 9651
337 342
14068 14865
9345 9378
7132 7145
19752 19753
406 738
19306 19322
11215 11247
3226 3922
14995 15740
6329 6350
291 292
16338 17002
9721 9738
1035 1521
17667 17687
19341 19599
9143 9175
10066 10950
261 277
17329 17357
15619 16337
324 331
0 1
9080 9970
11310 12179
3965 4735
215 231
11536 12417
7222 8114
12403 12416
2992 3020
17273 17884
4025 4779
8834 8850
9721 10610
1582 2130
12338 13171
12779 13586
19377 19387
5315 6094
9698 9719
19605 19611
911 931
14457 14489
4830 5629
15168 15878
4670 5450
18162 18643
89 99
17115 17116
19801 19805
7394 8230
5368 6151
9753 10642
18139 18617
1359 1835
17245 17858
5492 6312
14361 15138
16906 16928
17070 17687
5907 6738
2042 2062
3786 3812
263 264
1705 2262
14490 15262
10098 10131
348 653
19370 19612
8875 9766
5494 6299
10488 11397
14393 14425
11368 12265
46 47
985 999
19488 19489
19753 19759
19644 19655
3921 3922
13746 14522
1475 2000
19710 19711
19051 19374
17633 18183
13227 13228
9750 10624
10639 11516
16307 16981
4915 5715
15468 16173
8391 9275
7362 7393
8790 9651
10918 11790
8860 8869
10 11
9792 9812
11149 11182
13522 14331
648 649
10429 11340
18122 18138
5464 5465
8008 8024
14362 14394
4216 4945
19131 19150
29 31
7037 7061
345 346
6282 7989
13897 14673
14851 15598
13249 13250
539 889
19356 19600
11670 12559
19007 19024
14884 14902
5315 6151
18153 18631
1904 1926
998 999
15050 15793
18888 18910
15670 16374
633 634
14836 14837
339 643
18159 18638
19067 19068
10630 11507
6275 6287
18650 18663
16982 16983
8832 9698
3936 3937
737 758
18674 19065
14071 14072
4130 4886
18236 18257
5257 6063
9757 9758
12436 13282
3233 3931
19490 19508
17001 17002
8169 9021
8994 9858
14922 14944
5510 5530
5491 5492
17622 17635
5971 6802
9858 9884
4075 4830
19053 19054
6331 6353
10165 11047
14863 14864
2595 3242
10885 10917
336 644
1478 2012
10654 11528
17217 17245
8425 9275
20 21
19740 19742
758 1169
9776 10664
6150 6176
6399 7222
14839 15599
16690 17330
10541 11422
11014 11886
7117 7958
11529 12397
1015 1471
9883 9911
307 592
1008 1463
114 122
19646 19647
3222 3932
18773 18796
19655 19767
12416 14081
4636 5412
10566 10589
7960 8814
17963 18472
15766 15793
17557 18103
16492 17139
7994 8872
680 1064
14022 14039
950 951
10610 11470
5472 6289
14885 15636
19601 19609
4277 5040
630 631
19209 19507
102 113
6801 7655
15669 16374
19787 19788
8683 9538
6374 6399
19750 19757
13584 14361
17464 18013
7176 8023
9596 9597
80 276
8902 9792
3409 3437
71 82
212 228
4916 4977
6033 6833
19768 19775
19306 19557
2011 2025
18751 19112
7157 7158
5510 6332
4679 5470
19473 19671
1266 1290
18752 18772
7996 8874
8870 10655
7081 7101
1604 1628
279 294
2597 3253
181 422
143 144
11539 12394
3645 4399
8559 8591
17357 17910
18615 19024
17091 17686
620 621
18692 18711
17577 17592
13618 15262
12019 12052
10488 10516
8653 9538
5475 6294
13250 14069
11643 12505
985 998
19727 19728
326 327
19771 19779
4075 4102
13374 13402
13005 13869
7140 8005
846 868
6351 7198
1560 2106
1012 1467
1452 1960
14644 15383
5468 5469
9774 10662
6290 6291
104 295
3075 3760
180 196
6607 6639
18581 18990
19751 19757
17115 17139
9756 9757
19390 19615
319 608
7333 7363
17781 17807
17620 17631
13211 14022
18775 19150
6834 6866
14754 14778
14064 14065
15616 16335
5493 5494
2569 3223
3253 3254
17033 17034
19769 19777
19603 19757
14040 14838
279 293
19603 19610
8993 9883
18751 19148
16465 17091
16948 17576
14068 14866
9767 11528
4756 5530
14362 15169
19348 19605
10567 10590
10398 10429
19416 19620
1009 1464
19306 19323
9884 10771
19488 19684
10567 11423
6453 6482
1653 2232
6094 6123
1124 1604
10697 10698
6177 6984
12238 13065
10643 10644
19366 19367
19287 19306
3193 3904
24 25
1473 1480
19556 19724
3244 3953
9911 10797
1488 2023
1475 1999
18652 18653
7138 7139
19739 19749
19673 19687
14079 14080
16199 16905
7812 8713
16660 17301
5166 6002
2154 2767
19377 19386
3524 3554
42 54
17536 18103
10065 10949
15563 15582
11446 11468
4830 5602
4674 4682
11853 12713
8684 9539
18349 18796
18139 18616
1083 1103
6984 7840
18162 18171
8683 9597
15821 16519
244 245
15740 16441
14070 14071
3356 4048
7867 8740
7961 8833
1857 2422
575 949
3020 3048
14922 15670
12358 12359
628 629
996 1009
16324 16983
6034 6866
3126 3787
5685 6482
2041 2647
16718 16747
18628 18629
641 653
130 138
2569 2570
3902 4636
4687 5478
10132 10982
343 344
12148 13005
2586 2587
97 108
16146 16804
16547 16575
292 537
4674 5465
15292 15968
1019 1020
9275 9309
16330 16331
8229 8261
338 339
5553 6375
1436 1437
1992 1993
1518 1537
15634 15635
17617 18167
19798 19799
9971 10826
4542 5286
19057 19058
4003 4780
17832 17858
5391 6201
12375 13212
17032 17034
12315 13169
10333 11181
13251 14070
29 30
11534 12402
10365 10396
13225 13226
1463 1464
16291 16929
33 180
18324 18349
5657 6483
14 140
143 155
14522 15293
7958 7959
6955 7811
14 138
15878 16602
3884 4616
911 1337
3125 3837
5461 6275
8740 8766
5479 7139
7556 8425
18796 19149
19794 19800
2600 3243
19607 19613
14062 14858
718 719
2588 3232
8923 9812
5510 6353
2908 2937
19023 19024
17330 17937
15383 15412
19764 19765
14097 14883
2536 3170
13617 13681
2596 2597
8023 8041
15938 16631
19209 19229
18615 19023
17608 17609
18197 18215
18732 19113
18150 18161
2794 3465
19058 19376
5469 5471
19656 19668
16225 16882
7490 7523
24 34
19150 19170
19111 19112
19765 19772
18659 19065
9677 10542
19409 19424
8199 9080
19456 19658
8114 8993
1015 1470
19747 19748
9833 10698
11469 11470
16344 17005
15616 15625
4977 5008
4778 4803
10300 10333
4636 5413
5 9
2822 3465
119 127
10949 11853
680 1065
18636 19044
5529 6350
6399 6425
3938 4682
7892 8789
9764 9777
5472 6290
89 90
7275 8142
12812 14458
3944 3945
3704 3732
15669 16373
9143 10001
16997 17612
3615 4369
8200 9112
3918 3919
14213 14241
11531 11532
7102 7960
19632 19633
15584 15599
141 142
8902 9793
2232 2233
7198 7222
1420 1421
6738 7590
8022 8023
6639 7490
15637 16343
6288 7127
19697 19711
19784 19785
12619 13461
19168 19454
1477 2007
6176 7036
17611 18160
18752 18773
1857 1881
14522 14554
7988 7989
14162 14968
7081 7100
2597 3252
17989 18496
6374 7222
18662 19067
8041 8042
2584 3235
19376 19384
682 700
7557 9310
7136 7994
18630 19039
0 39
1453 1454
13246 14065
4428 5227
501 843
5450 6263
19771 19778
19111 19421
9598 10459
19671 19685
11570 11571
7140 8006
19023 19353
8525 8558
7130 7131
18842 18865
8558 8590
1419 1944
9508 10398
4129 4885
16271 16291
4946 4977
16324 16325
66 77
17557 18122
16000 16029
18164 18644
540 869
19574 19737
16340 17004
9021 9911
5228 6064
13682 14458
7623 7656
12398 13245
10662 10663
1731 2262
2003 2589
17618 17629
1438 1453
1437 1944
7894 8767
19231 19490
1024 1490
19769 19776
19603 19756
14040 14839
7138 8004
13064 13092
14060 14856
3224 3933
5575 5601
14039 14838
592 969
14068 14867
103 113
5472 5481
14022 14821
13191 14019
19416 19621
19728 19804
10699 10721
18712 18732
1018 1479
1833 1857
11854 12714
1123 1580
11643 11669
5716 6513
17649 17667
129 135
77 90
4074 4101
14522 15324
14066 14864
10132 11015
18472 18909
0 3
3231 3232
10488 12267
11669 12531
9754 10644
2556 3210
294 308
7200 8043
19739 19748
14969 15740
321 330
967 983
19391 19622
1419 1924
8968 9858
12714 12746
19045 19046
8024 8902
9276 10166
14426 15231
7720 7752
113 121
15611 16325
10697 11571
5287 5315
18540 18561
6279 7119
2573 2574
1034 1488
19795 19803
13714 14522
3585 4339
16986 16994
11699 12560
2317 2937
18171 18642
8683 9596
3837 4568
19059 19377
5449 6278
14820 15582
12401 12402
155 184
1991 2573
6576 7426
6002 6033
10663 11536
17034 17633
575 948
14755 15495
1019 1474
8967 9857
12292 12293
17667 18216
6286 6287
9774 9775
18675 18676
4399 4429
16290 16947
641 652
6483 7303
16333 17007
14061 14062
1757 1783
7333 8200
2627 2628
11920 11953
44 212
12209 13065
18797 18819
14242 14271
4690 5481
2965 2993
40 52
4977 5779
16326 16327
11758 12588
12209 13035
8425 9309
17617 18166
607 985
19506 19711
326 334
17003 17619
5628 5656
12338 12339
3438 4916
14056 14057
6003 6834
781 802
11534 12403
592 951
19742 19804
19063 19381
42 43
17936 17962
19420 19421
624 631
7975 8862
10066 10067
632 1014
18910 18931
15622 15633
9080 10855
3918 4670
123 298
10487 11339
12418 12436
869 890
16575 17218
19794 19801
2600 3244
122 320
1033 1500
3950 3963
17621 17622
2588 3233
4679 4680
1083 1558
15543 16249
17490 18061
6282 6283
13283 13303
5575 6374
19738 19747
3932 4680
2494 3148
12147 13004
11821 12681
1471 1472
11247 11279
15323 16058
8863 10642
1605 2155
4685 5476
9378 9411
19633 19645
10365 11246
2993 3675
292 574
15109 15139
1478 2002
5469 5470
4568 4592
19656 19669
128 146
8391 9241
9538 9568
19097 19424
17602 17603
18235 18693
19150 19171
347 348
18659 19064
6705 7557
12559 13430
18170 18650
2581 2582
11553 12420
12682 13522
2851 2879
13522 14301
11506 11507
247 263
5462 6275
19602 19756
12208 13064
19406 19623
16344 17006
8590 8622
11182 12084
9 77
119 126
52 53
19352 19598
32 41
12338 13192
969 984
11340 11369
8525 9377
15821 16492
7892 8790
11524 11525
19440 19646
5472 6291
700 719
12402 12403
6801 6833
11504 11505
1064 1518
664 1064
19800 19805
16997 17611
3356 4074
5490 6298
14923 15671
15652 15671
637 638
3170 3171
7102 7961
1964 2556
387 388
14554 14585
19151 19423
18992 19324
636 1026
10624 10640
1519 2647
1730 2288
7977 8851
12 13
19625 19637
17613 17636
19697 19710
3233 3941
10950 11822
18752 18774
13246 13247
3882 4636
19439 19455
16440 17091
15714 16440
16174 16200
18257 18712
12387 13225
19376 19385
7136 7995
14645 15413
4458 4487
14858 15608
4671 5452
3411 4131
5135 5938
14869 15622
738 1171
290 305
9112 10034
5843 6738
2592 3239
1289 1313
18217 18236
13283 14118
1452 1962
19367 19368
3333 3357
984 1438
15 22
18677 19066
16718 17412
1977 1990
16991 16998
462 781
15908 16602
7142 8022
18751 18772
17911 18424
5040 5843
13228 14054
9812 10699
80 226
3190 3209
13553 13584
6279 6280
1454 1980
14858 14859
264 279
19589 19590
18582 18600
482 847
6575 6607
1012 1014
11521 11522
8791 8813
12746 12779
6352 7199
334 627
1024 1491
18632 19040
636 643
19710 19722
6866 7720
5072 5875
373 700
2288 2316
3787 3813
1125 1126
2 72
5198 5228
4672 5452
3554 3584
13586 13618
7992 8868
5166 5227
121 305
909 910
3383 4075
441 442
116 124
7986 8860
1993 2584
45 217
16338 17001
372 388
890 1337
18170 18171
3934 4672
14458 14490
18644 18645
19063 19064
14066 14865
2585 2586
1999 2004
15542 15563
19615 19619
630 1002
2587 2588
4307 4338
1998 2581
7656 8493
14585 15384
19029 19031
57 70
3269 3981
9719 9737
480 843
321 329
13229 14056
16145 16173
8993 9021
15671 15693
2130 2155
15412 15440
8968 9859
405 757
8024 8903
16927 16947
9276 10167
19396 19409
17755 18278
12400 13248
42 52
333 627
10697 11570
15324 15354
4047 4048
6279 7118
18581 19008
11215 12116
19795 19802
8865 9755
9721 10611
17357 17936
18300 18752
13897 13925
7135 7999
16574 17190
19770 19771
19470 19684
11278 12178
2516 2536
10745 11618
19035 19364
19356 19367
6298 7142
443 759
2582 3234
1991 2572
5576 6400
9759 10639
7393 8261
19370 19611
10566 11468
2571 3225
18138 18139
4339 5104
4700 5494
1996 1997
19150 19151
13192 13211
16633 17859
14644 14673
2537 3192
8886 8887
590 606
16333 17006
130 136
16225 16906
8089 8968
14702 15441
1944 2536
13926 14755
12266 13146
11553 11573
295 309
17164 17755
2584 3228
8861 8862
8008 8886
214 463
14057 14058
13375 13403
607 984
17008 17614
18214 18215
17003 17618
19056 19057
17032 17033
4024 4755
18120 18615
15494 15519
2447 3100
12745 13585
6513 6544
738 1147
17218 17274
2908 3615
639 1021
11518 12373
520 867
19742 19805
1925 2517
3524 4216
19585 19754
9739 10628
17687 17709
18373 18398
1453 1964
10099 10982
262 541
15672 16357
7992 7993
6865 7687
15939 15969
16058 16747
10200 11116
461 1193
12293 12316
5656 6453
16337 16338
16327 16995
12416 13263
19725 19726
1358 1380
12084 12116
4157 4885
17464 17988
16965 17574
12178 13034
14214 15022
15939 16632
17618 18167
2600 3245
6064 6927
122 321
18644 19051
846 1242
19648 19775
2 48
17358 17386
9777 10665
16199 16856
11340 12179
1124 1146
405 737
16088 16747
10678 11551
102 112
6926 6955
11520 11521
344 648
4757 5530
4685 5475
3837 3860
13403 14214
13521 14330
8870 9767
4516 4543
14754 15494
9597 10515
9242 9276
12315 12337
7491 8326
15766 16441
18170 18651
5686 6513
10745 10771
19746 19754
18152 18153
13324 13348
6454 7275
247 262
15383 16088
19229 19249
17218 17246
2595 3250
3270 3981
15765 16465
15520 16249
17301 17910
1002 1466
1047 1048
18150 18628
133 356
10590 10610
10648 11523
15199 15938
16831 17465
13868 13897
13585 14425
16997 17610
16341 17014
18561 18990
3933 4669
3192 3193
18495 18930
13264 13279
18563 19009
18992 19325
845 1289
19630 19766
17602 18161
11526 11539
16633 17246
19625 19636
19697 19709
14674 14702
19778 19786
11310 11340
9651 9676
14778 15519
641 1036
620 985
14214 14242
5071 5906
4733 5508
4804 4830
2010 2610
11984 12017
11447 12293
19357 19368
1519 2081
360 361
19621 19631
19376 19386
4976 5007
19097 19395
2061 2647
358 679
17884 18398
6300 7132
5314 6122
19771 19780
11535 12403
12779 12812
665 682
2289 2908
7987 8861
357 358
16967 17592
15651 15669
1582 2106
17047 17632
4217 4277
15636 15652
7223 8089
8887 9765
18662 18663
9774 10661
738 1170
2593 3240
502 847
2396 2422
344 345
2589 3245
13951 14754
19524 19541
3211 3225
4858 5657
7811 9538
9719 10588
13228 14055
133 344
1997 2588
32 165
15261 15968
19325 19587
1604 2154
4915 4976
16331 16991
10066 10982
10002 10856
13 20
19363 19364
30 41
18632 19041
84 95
19710 19723
13170 13171
15021 15049
13035 14674
19734 19807
14865 14866
10610 11471
6278 7974
15715 16417
15623 16344
16519 17191
16633 17274
13713 14521
7959 8812
18039 18541
12619 13491
17963 17989
325 326
7986 8861
4655 5415
16146 16831
10267 10300
12417 13279
8114 8141
4714 5508
18103 18122
12337 13191
9081 10002
2316 2906
867 1289
9760 10650
144 145
3934 4673
16199 16224
7083 7941
4779 5576
19658 19672
1032 1500
10627 11504
4857 5685
16088 16117
13952 14779
57 69
15998 16689
13229 14055
15671 15692
10698 11571
12400 13249
42 53
333 626
1978 2570
14242 15022
2317 2965
3935 4673
17911 18399
8865 9754
6202 7037
8832 8849
71 83
19543 19712
1290 1783
17988 18495
4655 4656
17386 17413
12051 12115
5198 5971
18951 18971
593 608
6123 6927
481 843
9756 10645
122 298
3382 4074
14019 14020
15820 16546
12457 12480
7557 8426
13281 14097
16028 16718
18887 18909
14187 14994
1465 1980
8833 8834
13375 14214
14271 14301
10644 10645
13209 14053
577 592
15496 15520
6512 7362
19422 19453
737 1146
125 300
17936 18447
8740 9596
8813 9720
8654 8684
8170 9051
15323 15998
19642 19643
19029 19367
18643 18644
295 308
617 618
11952 12811
18865 19210
4755 5575
10066 10918
8767 8791
276 291
5601 6425
15610 16321
125 323
1979 2572
12745 13584
15469 15495
110 111
13460 13490
16173 16830
8042 8064
639 1020
19 29
19051 19052
15293 15999
19063 19383
1016 1017
8943 8967
2937 2965
18373 18397
1453 1963
618 996
3233 3234
6313 6314
19058 19059
641 1024
3255 3256
2965 3675
7133 7998
2648 3289
1834 2371
13898 14729
5907 6770
1049 1521
13324 14138
3941 4679
10566 11422
19754 19759
19616 19624
3288 3982
1170 1629
12357 12374
19784 19792
6151 6984
2 49
17616 17617
7129 7987
343 648
6483 7333
16329 16330
11525 13236
19078 19394
4946 5779
12019 12878
16338 16339
5040 5875
7918 8791
6281 6282
16776 17439
984 985
7656 7688
629 1009
18989 19007
3465 3494
17755 17780
8866 9756
8871 9761
11644 11671
9569 10459
18350 18797
6034 6064
11470 11489
3904 3920
17574 17591
11014 11047
4339 5875
6352 6353
3760 4516
13209 13210
1980 1991
56 212
5715 5746
81 263
5412 6245
12339 13211
19453 19670
19618 19628
18168 18647
8426 9344
2155 2742
119 120
7101 7958
15597 16322
16374 17031
19636 19768
16661 17302
9883 10770
7060 7082
32 43
16326 16994
13585 14393
17708 18256
1475 1476
9736 9751
9444 9476
9080 10885
10648 11524
6247 7083
16997 17609
665 1067
7138 8873
16270 16947
17534 17556
14139 14163
14020 14820
18214 18235
18326 18753
1011 1466
1004 1013
4756 4780
18909 18910
625 633
13374 14213
8591 9444
7994 7995
1035 1036
15713 15714
7976 8834
17386 17937
3644 4368
8873 9762
5166 5197
1400 1924
5471 6286
19062 19381
1478 1491
15581 16308
9859 10721
16118 16804
16249 16271
10366 11215
17631 17632
19379 19614
54 67
19357 19367
17030 17031
16340 16341
8875 8876
16928 17515
9753 9754
4778 5575
681 1104
19355 19599
7083 7960
8293 9175
7781 7811
17732 18279
13170 13977
4487 4515
1475 2007
13248 14067
19111 19422
1809 2371
7457 8358
143 169
1926 1946
665 681
10626 10641
17385 17962
7490 8358
10950 10982
19559 19737
3931 4680
9475 10396
16271 16928
8887 9764
13897 14701
2794 2822
14058 14059
14968 14994
317 328
14082 14098
15496 16225
17004 17619
699 1104
15519 15542
4047 4778
7491 9242
11532 11533
14778 15542
8005 9773
1997 2587
1064 1537
1520 2043
19287 19541
4277 5008
19508 19525
576 931
2003 2590
4308 4339
2556 2571
12395 13253
13 19
19454 19471
18563 18991
18650 18651
18326 18797
327 328
19735 19745
16927 17556
1503 1505
126 326
330 331
16028 16747
6639 7523
19722 19723
18693 18711
6543 6575
19752 19758
6288 7128
8876 9766
1314 1783
1653 2180
2105 2715
45 215
1537 2041
10653 10654
17555 17575
1808 2396
12293 13146
196 212
17114 17708
18496 18519
18083 18562
3903 4637
14070 14871
10067 10982
14066 14863
2612 3271
630 1000
9754 10643
105 295
15608 16332
100 110
104 105
15564 15583
11571 11593
18372 18818
1123 1146
2768 2795
3838 4570
14080 14869
17833 18326
15611 16326
333 625
19683 19698
7303 7333
18182 18198
19766 19772
1021 1476
7127 7993
14055 14056
13242 14060
2343 2964
17636 18171
13282 13302
1990 2581
19604 19757
6246 6247
6293 7136
10645 10646
19035 19373
12376 12377
1010 1011
6297 7139
12392 13241
1991 2574
2155 2795
7425 9175
19620 19621
17489 18013
9756 10646
19523 19541
14755 15496
19629 19761
182 183
2495 3838
1170 1654
340 341
14053 14836
8526 8559
5575 6399
1314 1337
15441 15469
10652 11526
129 341
2610 3254
16337 17001
14188 14995
10665 11538
14862 14863
6290 7134
4655 5434
1503 2025
99 100
4716 4735
18599 18615
890 911
17621 17635
9475 10365
14902 14922
19210 19490
9740 9752
2593 3250
5551 5575
16355 16356
3383 3411
5602 5629
737 1123
19 28
19063 19382
5197 6033
11594 12481
114 309
16373 17031
14039 14040
7867 7893
131 132
18951 19288
406 718
8558 9410
3918 4669
15693 16395
1705 2234
423 757
7133 7997
1021 1022
4674 6283
9051 9081
558 559
27 37
14118 14885
11503 11505
2592 2593
14213 14994
17006 17613
9051 9112
17554 17574
8230 9112
19616 19625
18910 19250
10167 10200
19392 19393
1464 1960
4025 4049
4654 5433
3554 4276
19386 19618
2906 2936
15618 15619
8790 10589
19763 19764
7457 8293
19010 19354
16633 17885
19625 19635
2040 2627
17622 17636
5039 5810
14861 15616
11015 11854
4804 5576
3333 4049
6280 6281
18471 18495
629 1008
1478 2001
3903 3904
8866 9757
8871 9760
13839 14615
58 218
19596 19597
636 637
12649 13553
2692 2716
18397 18398
10396 10428
14055 14852
19024 19353
1560 2083
14869 15633
19394 19406
19602 19755
140 151
2878 2906
6454 6483
18617 19039
2595 3252
56 68
8767 9677
18990 19008
4803 4829
11984 12844
123 124
3584 4307
15601 16324
13430 13460
13951 14728
5476 5477
5258 6064
9762 10651
16326 16995
19542 19543
10770 10797
3049 3732
14839 14840
5435 6265
18840 18863
10644 11520
17962 18447
12388 12389
19440 19456
4682 5467
10200 11082
2879 2908
17068 17666
19791 19798
2105 2129
5490 6297
4678 4683
15139 15169
9411 10334
15169 15909
17034 17621
1472 1989
5467 6283
9970 10825
19364 19608
14457 15230
107 108
1004 1014
11537 11538
9811 10697
262 278
18541 18542
18217 18677
13212 14039
3860 3882
3241 3948
16465 17114
3210 3904
154 166
18217 18694
11571 12456
9971 10002
11115 11985
9410 10300
16776 17386
11340 12209
12147 12973
7248 7275
3674 4398
6202 6203
15581 16307
2422 2447
8199 8229
889 910
18160 18638
14021 14801
17635 17636
5472 5473
120 316
3237 3245
626 634
8392 9310
3438 3466
19506 19507
13192 14022
82 264
11570 12436
154 387
6705 7590
111 119
19633 19644
13248 14068
18374 18819
11148 11985
6897 7720
345 356
18082 18581
4592 5367
17031 17049
9081 9941
8590 9475
18732 18753
7199 8065
8920 9810
11698 12559
142 371
3382 3409
10949 11821
6265 6279
1194 1679
7101 7959
14117 14139
16356 16373
11854 11887
19751 19752
12419 13283
6866 6927
9081 9112
18617 18630
8009 8887
7977 7978
442 460
2612 2630
3812 4568
18062 18083
6801 7622
1010 1465
3333 4025
18083 18084
5491 6298
19169 19471
5286 5314
13 18
116 123
628 1007
19230 19250
3 4
13119 13951
18992 19340
17274 18350
3966 4718
19601 19755
116 298
12386 13238
4916 4946
16 24
6263 6278
12417 12418
19249 19269
17624 18163
18662 19066
4615 5391
3332 4047
11423 12293
4459 4488
2585 3235
6329 7158
19752 19759
948 983
10542 11423
19743 19751
6282 7121
1581 2129
8876 9767
16325 16984
9597 10487
1926 2517
6426 7248
19634 19646
1401 1882
9764 10665
34 169
10648 10649
1381 1401
2288 2906
196 213
17781 18279
15080 15109
2590 3245
2181 2207
3674 3703
3382 4101
9775 10663
5657 7363
1171 1194
7524 7557
100 111
10589 11468
1479 1491
2627 3270
12436 12456
8767 9652
14052 14850
3614 4338
12589 13461
11594 12458
11516 11517
5 77
17002 17618
104 264
18182 18199
3524 4246
19766 19773
1021 1475
15581 15598
13242 14061
14859 15609
627 628
18931 18952
1470 1996
16518 17138
10334 11215
14902 15670
14058 14854
19322 19586
6897 6956
14054 14839
12376 13227
3255 3271
10700 11572
17514 17515
18819 19190
7132 7996
3125 3812
15292 15323
18952 18972
12392 13242
17685 18215
9834 10699
14060 14061
9756 10647
19629 19760
19455 19473
17649 18198
16331 16998
19744 19806
637 1020
11396 12265
4003 4756
93 106
4101 4857
16199 16881
129 340
10488 11369
1420 1946
1033 1047
55 67
11369 12209
2768 3438
15199 15230
7458 7491
15821 15850
1 3
2448 3101
6544 7426
2316 2936
9758 9759
1964 3210
9569 10429
12209 12238
19130 19148
16829 17489
16747 17412
15138 15849
18166 18646
17621 17634
5474 6292
12844 12877
19557 19572
18084 18582
2206 2822
17859 18350
5716 6544
11953 13650
3674 5134
372 697
8065 8944
19767 19773
18301 18774
13283 14098
18931 19289
7303 8170
16985 16994
2599 3243
639 1022
19714 19726
15850 16547
2822 3494
17534 18082
344 356
14801 15564
4669 4681
16373 17030
12811 12844
2061 2081
406 719
7892 8766
13714 14490
15635 16355
5529 5551
13431 14271
19686 19699
13868 14644
19386 19387
5464 6279
360 684
7994 8000
6608 7458
27 36
14870 14886
1995 2585
11503 11504
8860 9759
6576 7458
1474 1475
19616 19626
3238 3943
1024 1036
19607 19608
4186 4216
2591 3238
15109 15879
13976 14778
12018 12051
19635 19648
4101 4829
13034 13064
8994 9884
6244 6245
10645 11522
18039 18519
5970 6801
3614 3644
18158 18159
8921 8943
5492 5508
7131 8867
5685 5715
44 180
262 263
9208 10065
19046 19047
14836 15581
5746 6575
388 697
4003 4025
12845 12878
14331 15139
12208 12237
19746 19753
17615 18164
9763 10660
2234 2851
3409 4129
19509 19526
19038 19039
328 603
1313 1833
2878 2907
461 481
7303 8142
19369 19611
18617 19038
3222 3933
15850 16519
1489 2027
4515 4542
18168 18649
12291 13119
1989 1998
10166 11082
12404 13251
13898 13926
11446 11488
14331 15079
2011 2012
4187 4916
5435 6264
18840 18864
10644 11521
13650 13682
8874 8887
10798 11671
17017 17033
19368 19609
19750 19751
18713 19096
19698 19711
6350 6351
1004 1015
5494 6314
8684 8713
18563 19010
23 165
14866 15620
36 48
18953 19307
19170 19171
371 387
17709 18216
154 167
19734 19745
1944 1962
2668 2691
19697 19698
5257 6093
19778 19785
2001 2599
18633 19048
16986 17608
15262 15999
19526 19542
25 35
15440 15468
3703 3731
14857 15615
16395 16417
4733 5529
15413 15441
18167 18168
5553 6353
19631 19642
11527 11528
14994 15714
3237 3244
626 635
4570 5343
19171 19455
245 843
16981 17574
215 217
18601 19025
12418 13264
13248 14069
19357 19601
389 390
12682 13554
13431 13461
14854 15611
19556 19572
7987 8862
1704 2232
19783 19791
3948 3949
3495 4187
17050 17667
11309 12208
4158 4886
16985 16986
17555 18102
8920 9811
10588 10609
18754 19113
5461 5470
6331 7178
482 502
2598 3256
7247 8114
19627 19637
640 648
1125 1629
9242 10132
17413 18014
406 759
246 502
8994 9022
8009 8886
697 698
13119 13976
7199 7223
15714 15739
10745 11594
5314 6150
8874 8875
16441 17092
19643 19767
7103 7961
999 1010
17006 17007
9411 10301
8591 9508
3 7
3232 3939
4488 4516
8142 8170
1468 1994
19648 19659
1004 1470
16 25
5103 5134
5971 6770
8493 9378
11423 12292
10825 11670
681 682
11531 12399
5628 6425
10950 11790
7868 8741
3308 4002
3242 3948
11505 12374
19634 19647
7 8
17165 17781
6033 6063
1558 1559
12506 12532
2589 2600
3269 3270
18471 18886
19045 19373
12051 12877
18170 18183
10856 10886
5104 5875
4673 4674
3965 4716
19151 19439
9775 10662
5135 5906
17218 17807
5197 5257
5391 6224
17634 18183
2344 2371
17615 18165
6224 6245
4689 5481
12480 12505
19050 19059
16145 16830
14995 15022
11469 12338
9791 10679
14052 14851
80 244
11310 12148
7719 8590
12481 13326
1978 2569
1021 1474
10166 11048
14859 15608
19007 19338
13491 13522
89 100
14058 14855
5479 5490
10661 11534
13868 14673
12376 13228
11519 11520
14096 14097
16718 17329
3982 4734
7132 7997
4915 4945
8863 9753
911 1360
17576 18138
4672 4673
10663 11535
3410 3438
19455 19472
197 441
15614 15615
19744 19807
14115 14884
26 27
17015 17016
18908 19288
7144 7145
12178 13004
6672 7524
93 105
12237 13092
16881 17556
10825 11698
11523 12392
604 605
9051 9941
144 360
2007 2594
19080 19081
25 27
2105 2741
13092 13951
15292 15998
16996 17608
1478 2027
10917 11789
8459 9309
5509 5529
18168 18648
18159 18160
263 279
17114 17138
5474 6293
14072 14862
15610 16332
2692 3357
19113 19131
6897 7782
12394 13252
19622 19631
11527 12396
19714 19727
17635 18171
57 215
12385 13237
19096 19408
15597 16321
356 357
13171 14021
10647 11523
12115 12941
1903 1924
15440 16173
15564 16291
19486 19669
11215 12084
1380 1903
7247 7274
319 593
18424 18865
3100 3786
17245 17806
16339 17003
9344 10167
624 625
5464 6280
9749 10624
292 306
1437 1962
8022 8900
8922 9834
2823 2851
824 846
10680 11573
16224 16248
8850 9739
18214 18693
14062 14859
4339 5072
16416 17068
12377 13229
92 276
11789 12618
9626 10516
6833 7687
10645 11521
19078 19393
3020 3731
6512 7393
11149 12019
14802 15583
7332 7362
16660 16689
663 679
16603 17246
19742 19743
388 698
462 463
19606 19613
10680 10700
16117 16145
949 967
8866 9755
11538 12404
8871 9762
1194 1218
1067 1104
19734 19735
13839 13869
145 156
12910 13682
4681 5463
2423 3075
1380 1400
19771 19772
4669 4670
5462 6276
12745 13617
328 604
18638 19046
19369 19610
13237 14063
14117 14923
9761 10650
16343 16344
19618 19627
9676 10566
8000 8871
19736 19746
15670 15691
17629 18169
18991 18992
1194 1705
14394 15169
15693 15715
18637 19045
2591 3239
12405 13251
3883 3884
18448 18887
3860 4592
634 1015
17615 17624
5716 5747
19791 19792
8326 10099
17017 17034
16546 17190
621 1000
17000 17001
802 1218
19744 19752
2591 2592
17438 17464
245 500
14301 15079
18165 18645
19052 19053
14866 15621
12052 12084
36 49
14673 15412
2009 2010
4615 5413
16466 17139
18629 19037
328 335
14729 15495
79 226
1978 2554
16323 16983
1313 1808
9792 10680
697 1083
19526 19543
14072 14860
7839 8712
16983 16984
18236 18694
8923 9792
14070 14083
8230 8262
21 22
261 519
4715 4733
6329 6330
7556 7589
5553 6352
1436 1452
13282 14116
335 603
1438 1946
8088 8114
12393 13236
8868 8869
13238 14063
19781 19789
3211 3904
3946 4686
1170 1171
11669 12505
6 7
1704 1730
8199 9050
18163 18164
4699 5491
1124 1581
3731 3759
1926 1945
540 558
11014 11853
10918 11759
10301 11149
4516 5287
260 261
18200 18650
19643 19655
18642 18652
3584 3614
19773 19781
2007 2008
3074 3100
19035 19036
2823 3495
10233 11148
5465 6281
640 649
7159 8024
12973 13004
338 1026
359 684
8426 8493
18644 19052
18692 19094
6737 8492
1834 2423
11886 12713
2260 2906
16343 17005
500 501
19039 19040
8004 8005
3232 3940
1048 1502
70 82
18646 18647
17686 18235
8967 9883
19735 19746
18255 18731
16 26
9940 9970
4593 5392
317 604
19672 19673
19348 19612
13553 14361
19659 19673
4672 5464
3191 3882
3242 3949
68 228
3383 4131
4679 5461
4690 4691
345 650
17634 17635
19506 19522
19045 19372
18645 18646
1945 1946
18122 18616
1487 2023
16980 17604
19556 19723
19774 19782
2743 3411
13977 14000
18930 18951
372 679
19040 19367
2062 2083
9310 9344
13251 14083
14393 15199
15583 16292
7719 7751
1881 2471
9791 10678
12844 13681
6400 7223
5412 5433
3838 4569
9568 9597
7720 8559
17755 18301
109 118
1103 1558
9738 9739
6277 6278
17002 17616
2233 2822
3021 3049
14821 15583
10661 11533
7135 7994
9911 9940
5228 6034
14069 14079
1467 1993
1007 1008
619 996
12358 13212
717 1103
14838 15599
19488 19698
8863 9752
5906 5938
14885 14903
2012 2598
5473 5474
7751 8653
824 1242
2207 2234
17909 18398
15519 16248
2573 3225
8559 9444
637 1018
17613 17622
1964 1979
19044 19045
97 109
483 502
1833 2396
6607 8358
13713 14489
19626 19627
7135 7136
17330 17911
3148 3149
13490 13521
25 26
6290 7133
10098 11014
16984 16994
15618 16335
19696 19790
6289 6300
19619 19620
13245 14065
1401 1904
16996 17609
5413 6224
9081 10034
18674 18675
263 278
5008 5811
15354 15384
3861 4594
18397 18423
7119 7120
19590 19600
19627 19760
12394 13253
1337 1835
18198 18199
4886 5686
8867 9757
8870 8876
17635 18170
12385 13236
18840 19209
1478 1479
5779 5811
968 1420
14068 14069
7719 8621
15262 15293
5493 6314
2233 2850
347 666
13745 14521
5167 5939
16339 17002
5464 6281
19785 19786
9749 10639
3271 3983
17578 17592
11278 12147
5491 6311
18014 18038
19628 19629
1995 2587
15078 15820
3 49
5490 5491
4701 5480
19794 19795
17708 17731
12398 13246
11368 12237
19386 19617
7811 7839
16416 17069
12377 13228
5938 7622
13951 13976
4487 5227
19622 19632
14097 14884
10630 10642
3838 3861
9792 10700
126 127
19472 19508
17190 17755
16690 16719
538 909
9144 10034
8865 8866
18908 18930
9764 10652
16492 16519
17909 17910
4593 5343
8042 8920
2000 2592
11986 12019
11538 12405
58 217
3963 4699
16342 17014
9309 9343
4681 5462
19723 19735
17357 17385
18374 18842
17008 17613
9911 10770
11488 11505
17831 18325
11116 11986
2011 2598
17592 17593
19394 19405
11520 12389
14855 15613
19369 19609
13237 14062
1489 2025
18991 19010
19780 19781
137 138
15938 15968
1017 1472
17629 18168
13714 13746
70 71
6897 8654
3495 4247
132 139
19760 19761
2233 2878
17632 17647
17647 18196
13265 14082
16441 16466
540 911
7248 8089
15049 15078
11516 11525
338 642
19364 19365
2370 2964
3074 3786
7976 7977
1034 1047
12506 13349
94 95
14968 15714
10626 11503
9176 10099
7159 7178
3947 3948
5467 6284
9507 10396
19744 19753
7868 9626
9811 10698
18989 19339
10609 11505
15383 16117
1265 1756
16310 16982
3945 3946
7977 8850
5134 5135
128 134
19803 19807
18629 19036
9763 10651
13005 13035
2397 2993
6063 6093
16323 16982
19573 19574
14850 14859
16329 17609
17608 18157
12745 12778
96 107
6203 6225
4946 5747
15168 15199
637 644
2105 2691
19587 19588
18971 19323
3308 4023
1421 1946
1502 2024
72 83
18471 18908
14069 14867
5463 6277
3787 4516
2494 3125
14882 15634
19781 19788
1146 1628
14868 14869
111 112
19796 19803
10333 10365
17218 17833
15600 16323
19353 19598
10333 11246
33 43
17707 18256
15261 15292
422 423
18324 18773
14394 14426
1538 2081
9344 11116
5778 6639
18642 18653
2648 2669
19773 19780
10720 11593
2795 3466
1582 1605
5715 6512
4670 5463
6292 7136
1629 1654
4699 4714
19026 19038
95 96
12116 12942
19574 19587
15354 16118
16926 17575
18137 18151
18692 19095
1022 1476
19406 19420
2012 2027
1025 1479
17489 18037
2715 3409
3232 3941
11369 12238
19710 19724
603 617
19786 19787
6956 7840
12386 13237
12389 12390
182 424
2041 2627
79 80
15623 16343
19382 19390
14728 14754
983 1418
2569 2582
16881 17535
19348 19613
18649 19055
19659 19672
11551 11552
19055 19064
6284 6285
984 998
17633 18182
345 649
19637 19763
19506 19523
11528 12396
8005 8882
10098 10949
8712 9596
8885 9790
19210 19230
4686 4687
16905 16927
9792 9793
7892 9699
19096 19097
18677 18694
1084 1560
33 55
13225 13238
19391 19631
3495 4217
10664 10665
11309 12178
10826 11671
54 55
109 117
19377 19378
19409 19624
17002 17617
11247 12116
6285 7131
2823 3466
6295 7137
1980 2572
14902 15669
14850 15610
16747 16775
7177 8042
4 5
6955 7839
9021 9940
7274 8169
12388 13230
18162 18163
18062 18542
1467 1992
16343 16358
19082 19395
13999 14778
19656 19682
10515 11368
15968 16660
3943 3944
9773 10661
19191 19490
443 781
9773 9774
16358 17017
1000 1010
4130 4131
2012 2599
15078 15792
11490 12359
4637 5414
18796 19169
4677 4678
197 423
17909 18397
7134 7998
1998 2580
8261 9175
15969 15999
2423 2448
17015 17631
19387 19614
10664 11553
617 629
19385 19616
1465 1991
2206 2794
4459 5258
519 537
1013 1014
8741 8767
7128 7986
2594 3250
1147 1170
19522 19540
3759 4458
13586 14426
3383 4102
4690 5472
9598 9626
11821 11853
17603 17604
3310 4025
10267 11148
5479 6297
4714 5492
18541 18952
8922 8944
6311 7157
5474 6291
228 229
10652 10665
13243 13253
134 145
19627 19763
11551 12417
8812 9698
16993 17603
716 737
5843 6672
19540 19572
13279 14096
6311 6312
19387 19619
320 609
16355 17016
15792 16491
968 1421
2083 2669
17301 17884
16336 17000
6276 6288
5493 6313
19586 19598
4885 4915
19148 19438
1169 1628
10334 11182
18157 18158
15635 16356
18991 19324
642 1024
2822 2850
18953 19290
8848 9736
53 66
10515 11396
1995 2586
3192 3883
6246 7062
15441 16146
11536 13279
4756 4757
19095 19112
5103 5135
13952 13977
1945 2555
16829 18013
69 81
10656 12396
1473 2003
334 335
18888 19250
12265 13092
14867 14868
343 647
18640 18641
7687 8558
6330 6350
5478 5479
18374 18399
2008 2594
10428 10458
12337 13169
19777 19785
9764 10653
15618 16336
3861 4570
348 349
12532 13375
8042 8921
2000 2593
19806 19807
15999 16000
1218 1242
19040 19041
7302 8169
16342 17015
2668 3309
4681 5461
10234 10301
18971 18989
868 890
9475 10333
8833 9738
11644 12506
290 292
17831 18324
13212 13227
8848 9751
132 342
260 291
14855 15612
14080 14882
15616 15617
12400 13247
19065 19077
462 824
502 869
8882 9763
17629 18167
2536 2554
16994 16995
8526 9378
15623 15624
28 37
18561 18581
12394 12395
16966 17576
8 9
11919 12778
82 94
338 643
18652 19056
4024 4047
15878 16574
4338 5103
1017 1463
359 360
32 33
18599 19008
1964 2555
4157 4915
13243 14072
9752 10630
2000 2007
18326 18350
7037 7894
2516 3148
6738 6770
10721 11594
19077 19393
10609 11504
19735 19736
2537 2555
14866 15619
3356 3382
17001 17616
18863 19229
1467 1468
19420 19633
5412 5413
96 108
19392 19622
16926 16927
16329 16997
11539 12405
19472 19473
4779 4804
11952 12778
318 590
17631 17647
72 84
2767 3465
17032 17649
5343 5368
12393 13242
320 321
14882 15635
4048 4778
14728 15468
14070 14860
19606 19758
1628 1653
18863 18886
12649 13521
2155 2768
1882 2448
8141 9021
1962 2536
16928 17536
18540 18971
8262 8294
53 54
6122 6150
7978 8851
17049 17068
246 521
15793 16492
19783 19784
14860 15624
14779 15543
18324 18774
2261 2908
7961 8834
17000 17624
19761 19766
17536 18084
19420 19437
15 140
12778 13617
3555 4247
18013 18037
19289 19290
3237 3238
143 360
3703 4428
1290 1757
7010 7867
6094 6927
8043 8044
16292 16966
1999 2592
12713 12745
3943 4691
19589 19599
2629 2648
3074 3759
112 120
19406 19421
13248 13249
10626 11504
19290 19542
11507 12376
5779 6608
4669 5463
14139 14923
8654 9539
7961 7976
69 247
9598 10488
7143 8009
22 151
3193 3903
5747 6608
1489 1505
6299 7143
3270 3288
19382 19391
4542 4568
18863 19249
3920 3921
758 1146
12942 13809
7812 7868
15619 15620
3944 3946
482 824
19416 19629
4276 4307
591 948
16292 16309
3228 3937
10300 11148
4946 5716
18372 18841
17732 17756
19749 19750
183 215
3100 3125
390 407
967 1419
345 648
19637 19762
2593 2594
2767 3437
372 387
11246 12115
19740 19749
3936 3938
8860 10639
14300 14330
4543 5342
19354 19355
4886 4916
19525 19526
7082 7917
4398 5970
9309 10199
2593 3241
5103 5906
3931 3941
19575 19737
321 322
10771 11644
15469 16174
14755 15520
17612 18160
46 217
608 609
16374 17049
5778 6607
7986 7987
11728 11758
17591 18151
17988 18013
166 167
652 666
19540 19541
4187 4977
3884 4637
1469 2585
117 300
7752 8591
4682 4683
9143 10065
14052 14053
15879 16603
9773 10660
17937 17963
1124 2129
19009 19025
1000 1011
9021 9050
6 72
7302 7332
11572 11573
197 422
83 84
15021 15739
7011 7840
7134 7999
13976 14754
16395 17070
16324 16984
15384 16118
15909 15939
7999 8870
97 99
617 628
16948 17557
14188 14969
11887 12714
7425 8293
130 131
10034 10066
8883 8884
10001 10033
13808 13868
7128 7987
19522 19541
18279 18732
17909 17936
4945 4976
4690 5473
18299 18731
6177 7011
18038 18039
10629 10630
14055 14840
15353 16088
5479 6296
2537 3172
1962 1978
8622 9475
2260 2288
10720 11617
101 112
6093 6926
17005 17017
342 343
9112 9144
18639 19047
5136 5939
1629 2181
17963 18448
13241 14059
481 823
5258 5287
16492 17165
7994 8871
14801 15543
9676 10589
10655 11528
19387 19618
9 89
15608 15615
7131 7991
18865 18888
18630 18632
19509 19712
3253 3963
16336 17001
18424 18842
1401 1420
2495 3150
14097 14115
19044 19612
14000 14801
5462 5463
1519 2041
1065 1538
14903 14923
15597 15610
642 1025
18120 18121
9757 10647
16339 17004
19148 19149
605 619
15968 16689
2629 3289
4886 4946
558 931
541 559
3227 3228
17006 17622
15050 15080
15613 16328
19007 19339
373 374
15080 15821
45 183
19231 19508
16804 16831
18155 18156
7557 8392
12532 12560
1024 1025
83 95
1193 1678
8944 9834
5509 6329
10656 12397
6296 7139
12714 13554
17709 18257
1169 1678
17591 17604
15651 16356
6330 6351
16466 16492
3225 3922
15230 15938
17780 18301
2008 2595
19507 19523
5530 5553
19437 19657
8943 9857
16776 17413
8851 9739
15618 16337
16547 17218
18651 18652
2000 2594
8591 8623
19772 19773
17357 17962
1170 1194
19610 19611
17385 17412
1487 2009
18154 18631
19671 19672
18372 18397
16574 16602
2598 2599
2261 2262
3237 3943
16059 16748
19604 19758
132 343
2494 3149
18652 19050
13282 14115
19643 19644
7332 9050
19509 19699
6425 7274
7939 8812
19773 19774
10641 11518
3585 4369
1994 2584
2002 2003
7991 8866
18950 19323
19760 19763
18350 18374
3981 4715
16336 16337
10001 10917
16966 17577
329 609
9719 10609
8 10
17515 17536
18399 18424
13146 13977
7036 7867
8558 9443
4829 4857
3494 4186
4049 4075
18652 19057
10855 11698
19026 19354
6330 7176
12395 12396
307 308
13120 13146
15602 15611
18495 18518
4735 5530
15231 15999
18818 18841
11789 12681
13251 13252
3946 4685
126 300
14039 14821
3332 4048
949 1380
6244 7100
8886 8903
19341 19355
19647 19648
8791 9700
9208 10131
228 244
15584 16309
931 950
59 83
9776 10665
16329 16996
19470 19488
759 1171
867 889
1476 1477
10611 11490
9507 9538
4857 5656
278 541
19270 19290
19376 19377
17619 18169
19606 19759
6399 7247
18647 19054
6704 7523
