0
1
2
3
4
5
6
7
8
9
10
11
12
13
14
15
16
17
18
19
20
21
22
23
24
25
26
27
28
29
30
31
32
33
34
35
36
37
39
40
41
42
43
44
45
46
47
48
49
52
53
54
55
56
57
58
59
66
67
68
69
70
71
72
77
78
79
80
81
82
83
84
89
90
91
92
93
94
95
96
97
99
100
101
102
103
104
105
106
107
108
109
110
111
112
113
114
116
117
118
119
120
121
122
123
124
125
126
127
128
129
130
131
132
133
134
135
136
137
138
139
140
141
142
143
144
145
146
151
152
153
154
155
156
165
166
167
168
169
180
181
182
183
184
196
197
198
199
212
213
214
215
217
218
226
228
229
230
231
244
245
246
247
260
261
262
263
264
276
277
278
279
290
291
292
293
294
295
298
300
305
306
307
308
309
316
317
318
319
320
321
322
323
324
325
326
327
328
329
330
331
332
333
334
335
336
337
338
339
340
341
342
343
344
345
346
347
348
349
356
357
358
359
360
361
371
372
373
374
387
388
389
390
404
405
406
407
422
423
424
441
442
443
460
461
462
463
480
481
482
483
500
501
502
519
520
521
537
538
539
540
541
557
558
559
574
575
576
577
590
591
592
593
603
604
605
606
607
608
609
617
618
619
620
621
622
623
624
625
626
627
628
629
630
631
632
633
634
635
636
637
638
639
640
641
642
643
644
647
648
649
650
651
652
653
663
664
665
666
679
680
681
682
684
697
698
699
700
716
717
718
719
737
738
757
758
759
779
780
781
801
802
823
824
843
845
846
847
867
868
869
889
890
909
910
911
930
931
948
949
950
951
967
968
969
983
984
985
996
997
998
999
1000
1002
1004
1007
1008
1009
1010
1011
1012
1013
1014
1015
1016
1017
1018
1019
1020
1021
1022
1023
1024
1025
1026
1032
1033
1034
1035
1036
1047
1048
1049
1064
1065
1066
1067
1083
1084
1103
1104
1123
1124
1125
1126
1146
1147
1169
1170
1171
1193
1194
1217
1218
1241
1242
1265
1266
1289
1290
1313
1314
1336
1337
1358
1359
1360
1380
1381
1400
1401
1418
1419
1420
1421
1436
1437
1438
1451
1452
1453
1454
1463
1464
1465
1466
1467
1468
1469
1470
1471
1472
1473
1474
1475
1476
1477
1478
1479
1480
1486
1487
1488
1489
1490
1491
1500
1502
1503
1505
1518
1519
1520
1521
1537
1538
1539
1558
1559
1560
1580
1581
1582
1583
1604
1605
1628
1629
1653
1654
1678
1679
1704
1705
1730
1731
1756
1757
1782
1783
1808
1809
1833
1834
1835
1857
1858
1881
1882
1903
1904
1924
1925
1926
1944
1945
1946
1960
1962
1963
1964
1977
1978
1979
1980
1989
1990
1991
1992
1993
1994
1995
1996
1997
1998
1999
2000
2001
2002
2003
2004
2007
2008
2009
2010
2011
2012
2023
2024
2025
2027
2040
2041
2042
2043
2061
2062
2081
2082
2083
2105
2106
2129
2130
2154
2155
2180
2181
2206
2207
2232
2233
2234
2260
2261
2262
2288
2289
2290
2316
2317
2343
2344
2370
2371
2396
2397
2422
2423
2447
2448
2471
2472
2493
2494
2495
2516
2517
2536
2537
2554
2555
2556
2569
2570
2571
2572
2573
2574
2580
2581
2582
2583
2584
2585
2586
2587
2588
2589
2590
2591
2592
2593
2594
2595
2596
2597
2598
2599
2600
2610
2611
2612
2627
2628
2629
2630
2647
2648
2668
2669
2691
2692
2715
2716
2741
2742
2743
2767
2768
2794
2795
2822
2823
2850
2851
2878
2879
2906
2907
2908
2936
2937
2964
2965
2992
2993
3020
3021
3048
3049
3074
3075
3100
3101
3125
3126
3148
3149
3150
3170
3171
3172
3190
3191
3192
3193
3209
3210
3211
3222
3223
3224
3225
3226
3227
3228
3231
3232
3233
3234
3235
3236
3237
3238
3239
3240
3241
3242
3243
3244
3245
3250
3252
3253
3254
3255
3256
3269
3270
3271
3288
3289
3308
3309
3310
3332
3333
3356
3357
3382
3383
3409
3410
3411
3437
3438
3465
3466
3494
3495
3524
3525
3554
3555
3584
3585
3614
3615
3644
3645
3674
3675
3703
3704
3731
3732
3759
3760
3786
3787
3812
3813
3837
3838
3860
3861
3882
3883
3884
3902
3903
3904
3918
3919
3920
3921
3922
3931
3932
3933
3934
3935
3936
3937
3938
3939
3940
3941
3942
3943
3944
3945
3946
3947
3948
3949
3950
3951
3952
3953
3963
3964
3965
3966
3981
3982
3983
4002
4003
4023
4024
4025
4047
4048
4049
4074
4075
4101
4102
4129
4130
4131
4157
4158
4186
4187
4216
4217
4246
4247
4276
4277
4307
4308
4338
4339
4368
4369
4398
4399
4428
4429
4458
4459
4487
4488
4515
4516
4542
4543
4568
4569
4570
4592
4593
4594
4615
4616
4635
4636
4637
4654
4655
4656
4657
4669
4670
4671
4672
4673
4674
4677
4678
4679
4680
4681
4682
4683
4684
4685
4686
4687
4688
4689
4690
4691
4696
4697
4698
4699
4700
4701
4714
4715
4716
4718
4733
4734
4735
4755
4756
4757
4772
4778
4779
4780
4803
4804
4829
4830
4857
4858
4885
4886
4915
4916
4945
4946
4976
4977
5007
5008
5039
5040
5071
5072
5103
5104
5134
5135
5136
5166
5167
5197
5198
5227
5228
5257
5258
5286
5287
5314
5315
5341
5342
5343
5367
5368
5391
5392
5412
5413
5414
5415
5433
5434
5435
5449
5450
5451
5452
5461
5462
5463
5464
5465
5467
5468
5469
5470
5471
5472
5473
5474
5475
5476
5477
5478
5479
5480
5481
5490
5491
5492
5493
5494
5508
5509
5510
5511
5529
5530
5551
5552
5553
5575
5576
5601
5602
5628
5629
5656
5657
5685
5686
5715
5716
5746
5747
5778
5779
5810
5811
5842
5843
5874
5875
5906
5907
5938
5939
5970
5971
6002
6003
6033
6034
6063
6064
6093
6094
6122
6123
6150
6151
6176
6177
6201
6202
6203
6224
6225
6244
6245
6246
6247
6263
6264
6265
6275
6276
6277
6278
6279
6280
6281
6282
6283
6284
6285
6286
6287
6288
6289
6290
6291
6292
6293
6294
6295
6296
6297
6298
6299
6300
6311
6312
6313
6314
6329
6330
6331
6332
6350
6351
6352
6353
6374
6375
6399
6400
6425
6426
6453
6454
6482
6483
6512
6513
6543
6544
6575
6576
6607
6608
6639
6640
6672
6704
6705
6737
6738
6770
6801
6802
6833
6834
6865
6866
6896
6897
6926
6927
6955
6956
6983
6984
7010
7011
7036
7037
7060
7061
7062
7081
7082
7083
7100
7101
7102
7103
7116
7117
7118
7119
7120
7121
7126
7127
7128
7129
7130
7131
7132
7133
7134
7135
7136
7137
7138
7139
7140
7141
7142
7143
7144
7145
7157
7158
7159
7176
7177
7178
7198
7199
7200
7222
7223
7247
7248
7274
7275
7302
7303
7332
7333
7362
7363
7393
7394
7425
7426
7457
7458
7490
7491
7523
7524
7556
7557
7589
7590
7622
7623
7655
7656
7687
7688
7719
7720
7751
7752
7781
7782
7811
7812
7839
7840
7867
7868
7892
7893
7894
7917
7918
7919
7939
7940
7941
7958
7959
7960
7961
7974
7975
7976
7977
7978
7985
7986
7987
7988
7989
7990
7991
7992
7993
7994
7995
7996
7997
7998
7999
8000
8004
8005
8006
8007
8008
8009
8022
8023
8024
8041
8042
8043
8044
8064
8065
8088
8089
8114
8115
8141
8142
8169
8170
8199
8200
8229
8230
8261
8262
8293
8294
8326
8358
8391
8392
8425
8426
8459
8492
8493
8525
8526
8558
8559
8590
8591
8621
8622
8623
8653
8654
8683
8684
8712
8713
8740
8741
8766
8767
8789
8790
8791
8812
8813
8814
8832
8833
8834
8848
8849
8850
8851
8860
8861
8862
8863
8864
8865
8866
8867
8868
8869
8870
8871
8872
8873
8874
8875
8876
8882
8883
8884
8885
8886
8887
8900
8901
8902
8903
8920
8921
8922
8923
8943
8944
8967
8968
8993
8994
9021
9022
9050
9051
9080
9081
9111
9112
9143
9144
9175
9176
9208
9241
9242
9275
9276
9309
9310
9343
9344
9345
9377
9378
9410
9411
9443
9444
9475
9476
9507
9508
9538
9539
9568
9569
9596
9597
9598
9626
9651
9652
9676
9677
9698
9699
9700
9719
9720
9721
9736
9737
9738
9739
9740
9749
9750
9751
9752
9753
9754
9755
9756
9757
9758
9759
9760
9761
9762
9763
9764
9765
9766
9767
9773
9774
9775
9776
9777
9790
9791
9792
9793
9810
9811
9812
9833
9834
9857
9858
9859
9883
9884
9911
9912
9940
9941
9970
9971
10001
10002
10033
10034
10065
10066
10067
10098
10099
10131
10132
10165
10166
10167
10199
10200
10233
10234
10267
10300
10301
10333
10334
10365
10366
10396
10397
10398
10428
10429
10458
10459
10487
10488
10515
10516
10541
10542
10566
10567
10588
10589
10590
10609
10610
10611
10624
10626
10627
10628
10629
10630
10639
10640
10641
10642
10643
10644
10645
10646
10647
10648
10649
10650
10651
10652
10653
10654
10655
10656
10660
10661
10662
10663
10664
10665
10678
10679
10680
10697
10698
10699
10700
10720
10721
10744
10745
10770
10771
10797
10798
10825
10826
10855
10856
10885
10886
10917
10918
10949
10950
10982
11014
11015
11047
11048
11081
11082
11115
11116
11148
11149
11181
11182
11215
11246
11247
11278
11279
11309
11310
11339
11340
11368
11369
11396
11397
11422
11423
11446
11447
11468
11469
11470
11471
11488
11489
11490
11503
11504
11505
11506
11507
11516
11517
11518
11519
11520
11521
11522
11523
11524
11525
11526
11527
11528
11529
11531
11532
11533
11534
11535
11536
11537
11538
11539
11551
11552
11553
11570
11571
11572
11573
11593
11594
11617
11618
11643
11644
11669
11670
11671
11698
11699
11728
11729
11758
11759
11789
11790
11821
11822
11853
11854
11886
11887
11919
11920
11952
11953
11984
11985
11986
12017
12018
12019
12051
12052
12084
12115
12116
12147
12148
12178
12179
12208
12209
12237
12238
12265
12266
12267
12291
12292
12293
12315
12316
12337
12338
12339
12357
12358
12359
12373
12374
12375
12376
12377
12385
12386
12387
12388
12389
12390
12391
12392
12393
12394
12395
12396
12397
12398
12399
12400
12401
12402
12403
12404
12405
12416
12417
12418
12419
12420
12436
12437
12456
12457
12458
12480
12481
12505
12506
12531
12532
12559
12560
12588
12589
12618
12619
12649
12650
12681
12682
12713
12714
12745
12746
12778
12779
12811
12812
12844
12845
12877
12878
12910
12941
12942
12973
12974
13004
13005
13034
13035
13064
13065
13092
13093
13119
13120
13145
13146
13169
13170
13171
13191
13192
13209
13210
13211
13212
13225
13226
13227
13228
13229
13230
13236
13237
13238
13239
13240
13241
13242
13243
13244
13245
13246
13247
13248
13249
13250
13251
13252
13253
13263
13264
13265
13266
13279
13281
13282
13283
13302
13303
13324
13325
13326
13348
13349
13374
13375
13402
13403
13430
13431
13460
13461
13490
13491
13521
13522
13553
13554
13584
13585
13586
13617
13618
13650
13681
13682
13713
13714
13745
13746
13777
13808
13809
13839
13868
13869
13897
13898
13925
13926
13951
13952
13976
13977
13999
14000
14019
14020
14021
14022
14038
14039
14040
14052
14053
14054
14055
14056
14057
14058
14059
14060
14061
14062
14063
14064
14065
14066
14067
14068
14069
14070
14071
14072
14079
14080
14081
14082
14083
14096
14097
14098
14115
14116
14117
14118
14138
14139
14162
14163
14187
14188
14213
14214
14241
14242
14270
14271
14300
14301
14330
14331
14361
14362
14393
14394
14425
14426
14457
14458
14489
14490
14521
14522
14553
14554
14584
14585
14615
14644
14645
14673
14674
14701
14702
14728
14729
14754
14755
14778
14779
14800
14801
14802
14820
14821
14836
14837
14838
14839
14840
14850
14851
14852
14853
14854
14855
14856
14857
14858
14859
14860
14861
14862
14863
14864
14865
14866
14867
14868
14869
14870
14871
14882
14883
14884
14885
14886
14902
14903
14922
14923
14944
14945
14968
14969
14994
14995
15021
15022
15049
15050
15078
15079
15080
15108
15109
15138
15139
15168
15169
15199
15200
15227
15230
15231
15261
15262
15292
15293
15323
15324
15353
15354
15383
15384
15412
15413
15440
15441
15468
15469
15494
15495
15496
15519
15520
15542
15543
15563
15564
15581
15582
15583
15584
15597
15598
15599
15600
15601
15602
15608
15609
15610
15611
15612
15613
15614
15615
15616
15617
15618
15619
15620
15621
15622
15623
15624
15625
15633
15634
15635
15636
15637
15651
15652
15669
15670
15671
15672
15691
15692
15693
15713
15714
15715
15739
15740
15765
15766
15792
15793
15820
15821
15849
15850
15878
15879
15908
15909
15938
15939
15968
15969
15998
15999
16000
16028
16029
16058
16059
16088
16089
16117
16118
16145
16146
16173
16174
16199
16200
16224
16225
16248
16249
16270
16271
16290
16291
16292
16307
16308
16309
16310
16321
16322
16323
16324
16325
16326
16327
16328
16329
16330
16331
16332
16333
16334
16335
16336
16337
16338
16339
16340
16341
16342
16343
16344
16355
16356
16357
16358
16373
16374
16375
16376
16394
16395
16416
16417
16440
16441
16465
16466
16491
16492
16518
16519
16546
16547
16574
16575
16602
16603
16631
16632
16633
16660
16661
16689
16690
16718
16719
16747
16748
16775
16776
16803
16804
16829
16830
16831
16856
16857
16881
16882
16905
16906
16926
16927
16928
16929
16947
16948
16965
16966
16967
16980
16981
16982
16983
16984
16985
16986
16991
16992
16993
16994
16995
16996
16997
16998
16999
17000
17001
17002
17003
17004
17005
17006
17007
17008
17014
17015
17016
17017
17030
17031
17032
17033
17034
17047
17049
17050
17068
17069
17070
17091
17092
17114
17115
17116
17138
17139
17164
17165
17190
17191
17217
17218
17245
17246
17273
17274
17301
17302
17329
17330
17357
17358
17385
17386
17412
17413
17438
17439
17464
17465
17489
17490
17513
17514
17515
17534
17535
17536
17554
17555
17556
17557
17574
17575
17576
17577
17578
17591
17592
17593
17602
17603
17604
17605
17606
17607
17608
17609
17610
17611
17612
17613
17614
17615
17616
17617
17618
17619
17620
17621
17622
17624
17629
17631
17632
17633
17634
17635
17636
17647
17648
17649
17666
17667
17685
17686
17687
17707
17708
17709
17731
17732
17755
17756
17780
17781
17806
17807
17831
17832
17833
17858
17859
17884
17885
17909
17910
17911
17936
17937
17962
17963
17988
17989
18013
18014
18015
18037
18038
18039
18060
18061
18062
18082
18083
18084
18102
18103
18120
18121
18122
18137
18138
18139
18150
18151
18152
18153
18154
18155
18156
18157
18158
18159
18160
18161
18162
18163
18164
18165
18166
18167
18168
18169
18170
18171
18180
18181
18182
18183
18196
18197
18198
18199
18200
18214
18215
18216
18217
18235
18236
18255
18256
18257
18277
18278
18279
18299
18300
18301
18302
18324
18325
18326
18349
18350
18372
18373
18374
18397
18398
18399
18423
18424
18447
18448
18471
18472
18495
18496
18518
18519
18540
18541
18542
18561
18562
18563
18581
18582
18599
18600
18601
18615
18616
18617
18628
18629
18630
18631
18632
18633
18636
18637
18638
18639
18640
18641
18642
18643
18644
18645
18646
18647
18648
18649
18650
18651
18652
18653
18659
18660
18661
18662
18663
18674
18675
18676
18677
18692
18693
18694
18711
18712
18713
18731
18732
18751
18752
18753
18754
18772
18773
18774
18775
18796
18797
18818
18819
18840
18841
18842
18863
18864
18865
18886
18887
18888
18908
18909
18910
18930
18931
18950
18951
18952
18953
18971
18972
18989
18990
18991
18992
19007
19008
19009
19010
19023
19024
19025
19026
19029
19031
19035
19036
19037
19038
19039
19040
19041
19042
19043
19044
19045
19046
19047
19048
19049
19050
19051
19052
19053
19054
19055
19056
19057
19058
19059
19062
19063
19064
19065
19066
19067
19068
19077
19078
19079
19080
19081
19082
19094
19095
19096
19097
19111
19112
19113
19114
19130
19131
19148
19149
19150
19151
19168
19169
19170
19171
19189
19190
19191
19204
19209
19210
19229
19230
19231
19249
19250
19251
19269
19270
19287
19288
19289
19290
19306
19307
19322
19323
19324
19325
19338
19339
19340
19341
19348
19352
19353
19354
19355
19356
19357
19363
19364
19365
19366
19367
19368
19369
19370
19372
19373
19374
19375
19376
19377
19378
19379
19380
19381
19382
19383
19384
19385
19386
19387
19390
19391
19392
19393
19394
19395
19396
19405
19406
19407
19408
19409
19416
19420
19421
19422
19423
19424
19437
19438
19439
19440
19453
19454
19455
19456
19470
19471
19472
19473
19486
19488
19489
19490
19491
19506
19507
19508
19509
19522
19523
19524
19525
19526
19540
19541
19542
19543
19556
19557
19558
19559
19571
19572
19573
19574
19575
19585
19586
19587
19588
19589
19590
19596
19597
19598
19599
19600
19601
19602
19603
19604
19605
19606
19607
19608
19609
19610
19611
19612
19613
19614
19615
19616
19617
19618
19619
19620
19621
19622
19623
19624
19625
19626
19627
19628
19629
19630
19631
19632
19633
19634
19635
19636
19637
19642
19643
19644
19645
19646
19647
19648
19655
19656
19657
19658
19659
19668
19669
19670
19671
19672
19673
19682
19683
19684
19685
19686
19687
19696
19697
19698
19699
19700
19709
19710
19711
19712
19713
19714
19722
19723
19724
19725
19726
19727
19728
19734
19735
19736
19737
19738
19739
19740
19742
19743
19744
19745
19746
19747
19748
19749
19750
19751
19752
19753
19754
19755
19756
19757
19758
19759
19760
19761
19762
19763
19764
19765
19766
19767
19768
19769
19770
19771
19772
19773
19774
19775
19776
19777
19778
19779
19780
19781
19782
19783
19784
19785
19786
19787
19788
19789
19790
19791
19792
19793
19794
19795
19796
19797
19798
19799
19800
19801
19802
19803
19804
19805
19806
19807
