18152 18630 18631
11789 12618 12649
10609 11504 11505
8967 8993 9883
7867 7893 8766
1015 1016 1472
950 968 1401
15108 15138 15849
7143 8008 8009
19624 19625 19635
2537 3172 3192
558 911 931
11537 11553 12420
5874 6704 7523
19687 19783 19791
11148 11181 12018
7994 8000 8871
19009 19010 19025
12178 13004 13034
15021 15739 15765
8766 8790 9651
11247 12148 12974
19078 19094 19394
15671 15672 15693
19007 19024 19353
131 341 342
8022 8023 8900
19589 19590 19599
13092 13925 13951
18014 18015 18038
19596 19597 19754
19473 19491 19671
2 6 72
16775 16803 17438
17602 18160 18161
230 246 247
99 109 110
824 846 1242
278 541 559
16117 16775 16803
14800 15542 15563
16334 16335 16999
10066 10918 11790
34 169 184
16829 16856 17513
12418 12436 13281
19696 19709 19790
372 387 388
998 1453 1454
9719 10588 10609
1653 2180 2206
521 540 869
12713 12745 13584
867 889 1289
575 930 949
12417 13264 13279
19765 19771 19772
13302 13324 14138
11081 11919 11952
698 1083 1103
19590 19601 19755
166 180 181
16416 17049 17068
6955 6983 7839
3495 4187 4217
16324 16983 16984
19395 19396 19409
5391 6201 6224
19043 19044 19049
134 144 145
18471 18495 18930
4515 4542 5286
18648 18649 19055
9912 9941 9971
12208 13034 13064
1103 1123 1580
102 103 113
1065 1537 1538
634 635 1016
18561 18581 18990
9773 10660 10661
5552 5576 6400
18496 18519 18931
9811 9833 10698
2344 2371 2993
6426 6454 7275
19622 19631 19632
607 969 984
1489 1490 2027
3964 3981 4715
14855 14856 15613
12778 12811 13617
1704 2260 2288
17807 17833 18326
5509 5529 6350
13248 13249 14069
18156 18640 18641
15262 15293 15999
2742 3410 3411
10098 10949 11014
1995 2586 2587
3225 3921 3922
640 1023 1032
7940 8791 8813
1314 1337 1809
77 89 90
15564 16271 16291
6313 6314 7159
135 136 146
19559 19573 19574
14021 14022 14802
8623 8654 9539
405 422 423
132 133 139
1024 1025 1491
8860 8869 9759
17780 18301 18325
18628 18639 19047
10649 11524 11525
1519 2041 2647
58 59 71
9792 10680 10700
14082 14098 14886
19647 19648 19659
109 117 118
117 124 300
18198 18216 18217
18037 18060 18540
97 99 109
347 361 684
1290 1314 1783
13553 13584 14361
14096 14097 14883
8004 8005 8882
13120 13952 13977
2795 2823 3466
8005 8883 9773
651 665 666
8199 8229 9111
19050 19057 19058
14869 15633 15634
6331 6332 6353
14903 15652 15671
10885 10917 11758
639 1021 1022
246 262 521
2289 2908 2937
6063 6093 6926
19773 19774 19781
16926 17534 17555
2599 2600 3243
11471 11489 11490
166 167 181
14644 14673 15412
19700 19714 19791
319 593 608
7918 7940 8791
2042 2629 2630
9774 9775 10662
19800 19801 19805
6926 6955 7781
14801 15543 15564
82 93 264
16325 16984 16994
9676 10566 11422
2233 2850 2878
11470 12338 12339
18992 19325 19340
15584 15599 16309
13212 13227 14040
18950 18971 19323
16374 16394 17049
18154 18631 18632
2574 2583 3226
11552 11570 12418
19322 19571 19572
442 757 779
10630 10642 11507
13491 13522 14301
54 66 67
7134 7135 7999
18122 18138 18616
10663 10678 11551
14554 15324 15354
1519 2061 2647
16492 17139 17165
5104 5136 5939
130 131 138
18196 18197 18675
246 483 502
19422 19438 19453
9111 9143 10001
10663 11536 11551
9765 9766 10653
18257 18279 18732
15634 15635 16355
2025 2043 2630
9912 10798 10826
6834 7688 8559
19672 19685 19686
7223 8065 8089
5197 6033 6063
9080 9970 10855
8712 8740 9596
19648 19768 19775
18424 18865 18887
10679 11551 11552
19041 19042 19048
7999 8870 8876
19769 19776 19777
9740 10629 10630
12357 12374 13210
10166 11015 11048
12398 13245 13246
318 604 605
7081 7100 7101
12266 13120 13146
335 603 617
17049 17068 17666
4755 5529 5551
17050 17649 17667
13999 14020 14800
17613 17622 17636
13230 13239 14057
12178 12208 13034
15602 15611 16325
13227 13228 14054
7199 7200 8043
19671 19672 19685
624 632 1013
7994 7995 8872
697 698 1083
14059 14060 14856
10542 11397 11423
9344 10200 11116
3192 3193 3884
6607 6639 7490
19341 19354 19355
17591 18137 18151
6263 7100 7117
12315 12337 13169
14064 14862 14863
2494 3148 3149
17619 17620 18169
780 781 802
7556 8391 8425
4655 5415 5434
9475 10365 10396
1487 1488 1500
16690 17330 17358
5449 6277 6278
7011 7840 7868
8024 8902 8903
4735 5510 5530
17465 17490 18038
15878 15908 16602
5198 5971 6003
14187 14968 14994
14116 14902 14922
3920 3921 4656
4003 4025 4780
16926 17555 17575
9911 9940 10797
9791 9810 10679
17937 17963 18448
1401 1882 1904
7061 7918 7919
5576 5602 6426
58 217 218
4024 4734 4755
100 101 111
11529 12397 12398
3732 3760 4488
12402 12403 13250
9080 10855 10885
19043 19048 19049
7995 8872 8873
663 664 1047
14922 15670 15691
625 633 1013
1123 1124 1146
1012 1466 1467
19602 19603 19756
5628 5656 6453
14800 14820 15563
128 339 349
7198 8064 8088
2571 3211 3225
19742 19743 19751
17329 17357 17910
8005 8006 8883
13302 14116 14138
868 1290 1314
11529 12398 12399
19787 19788 19795
6833 6865 7687
12458 12481 13326
17091 17114 17708
13952 14755 15520
6122 6150 6983
16376 17032 17033
6290 6291 7134
575 591 948
5 53 77
17554 17555 18121
6705 6738 7590
14080 14081 14882
4672 4673 5465
5938 5970 6801
6984 7011 7840
603 617 618
11572 11573 12437
9276 9310 10167
16905 16927 17556
262 521 541
6151 6177 6984
6738 7590 7623
3674 3703 4428
3921 4656 4657
4074 4101 4829
14061 14062 14858
16986 16994 16995
8832 9698 9719
8848 8862 9751
14945 15692 15715
617 618 996
17536 18084 18103
1539 2062 2083
19655 19767 19773
34 45 184
18236 18257 18712
1756 2288 2316
12389 12390 13239
7332 8199 9050
5368 6202 7037
14645 15413 15441
18518 18930 18951
11533 12401 12402
15793 16466 16492
33 44 180
23 32 165
2556 2571 2572
15469 15495 16200
984 985 998
16602 17217 17245
333 334 627
18563 19009 19010
19029 19040 19041
2008 2009 2596
18632 19039 19040
17301 17884 17910
3944 3945 3946
18713 19096 19114
10609 11468 11488
16631 17245 17273
19789 19790 19796
9764 10652 10653
4756 5552 5553
3883 4594 4616
14057 14853 14854
18015 18496 18519
12812 13586 13618
6483 7303 7333
665 681 682
13374 13402 14213
1453 1963 1964
3932 4669 4681
7302 7332 7362
17606 18154 18155
968 969 1421
15998 16028 16689
19627 19760 19763
18158 18159 18636
18674 18675 19079
1103 1558 1580
14361 14393 15168
18374 18399 18842
8875 8876 9766
113 290 305
10649 11516 11525
2262 2289 2290
18150 18151 18628
3149 3837 3860
19376 19384 19385
11527 11528 12396
12395 13243 13253
15293 15324 16029
15652 15672 16357
5450 6244 6263
16309 16966 16967
2629 2630 3271
6003 6834 7688
19390 19391 19621
7247 7274 8141
4307 4338 5103
17006 17007 17613
680 697 1083
4102 4130 4858
198 214 463
14522 14554 15324
15611 15612 16326
13490 13521 14330
6956 7782 7840
14856 15613 15614
8813 9700 9720
11534 12402 12403
17633 17649 18182
11397 12267 12292
10647 10648 11523
12019 12845 12878
17635 17636 18171
2447 3048 3074
14885 15636 15652
5462 6275 6276
13430 14241 14270
6897 7752 8654
1125 1605 1629
18633 19041 19048
17092 17116 17687
11759 12619 12650
19392 19393 19405
19269 19287 19524
18278 18300 18301
134 144 361
3244 3942 3953
4804 5576 5602
10234 11116 11149
3240 3946 3947
1265 1756 1782
18326 18775 18797
16333 16344 17006
16660 17273 17301
12115 12941 12973
13460 13490 14300
1241 1265 1730
13240 14058 14059
18772 18773 19149
15999 16000 16029
155 169 184
13586 13618 14426
12420 13265 13266
389 406 719
325 333 334
2594 2595 3250
19776 19783 19784
10825 10855 11698
2648 3289 3310
199 215 231
2850 2878 3554
6801 7622 7655
12393 13236 13242
19 21 29
12291 13119 13145
13926 14729 14755
3940 4677 4678
4369 5104 5136
17554 17555 17575
16338 16339 17002
13681 13713 14489
11340 12179 12209
8000 8871 9760
15636 16357 16358
4681 5462 5463
18039 18519 18541
8141 8993 9021
5449 6263 6278
12237 13064 13092
2000 2593 2594
18299 18300 18752
7037 7061 7894
4130 4158 4886
12941 13745 13777
3020 3703 3731
13584 13585 14393
19352 19364 19365
16000 16029 16719
3942 4689 4690
19795 19796 19803
19007 19338 19353
12392 13241 13242
3948 3949 4696
632 1012 1014
7491 7524 8392
2583 3226 3227
12398 13246 13247
14854 14855 15612
2061 2668 3309
6543 7425 7457
2993 3021 3675
15939 16632 16661
1678 1704 2232
1438 1453 1963
9568 10458 10487
738 1147 1170
359 373 700
3211 3920 3921
6543 6575 7457
11 89 99
11422 11446 12315
11489 12358 12359
19055 19063 19064
1926 1945 1946
10398 11279 11310
2692 3333 3357
371 372 387
15849 16546 16574
11669 12505 12531
6286 6287 7126
7752 8559 8591
7247 8114 8141
4857 4885 5715
557 575 909
1048 1502 1518
13093 13898 13926
4277 5008 5040
1359 1381 1882
2598 3255 3256
6330 6351 7177
1034 1488 1500
214 463 483
7141 8006 8007
18216 18217 18236
19540 19557 19572
2062 2648 2669
17554 18120 18121
107 108 116
16 17 26
14968 15691 15714
12878 13650 13682
9859 10721 10745
1475 1476 2007
1019 1020 1474
19377 19386 19387
5491 6298 6311
16929 16948 17557
12844 13681 13713
19509 19525 19526
1962 1978 2554
8391 9241 9275
19039 19040 19366
680 1065 1083
13243 14064 14072
18152 18153 18631
8065 8089 8968
80 244 260
868 890 1314
19416 19620 19621
12386 13225 13238
10630 11506 11507
1015 1470 1471
10132 10982 11015
3903 3904 3920
3940 4678 4679
7143 7144 8009
4700 4701 4718
14098 14885 14886
17069 17091 17686
17602 17612 18160
19746 19753 19754
539 909 910
12394 13252 13253
8023 8041 8900
17962 18471 18495
1519 2061 2081
12339 12358 13211
6329 6330 6350
19472 19491 19508
19656 19657 19669
19540 19556 19724
18279 18732 18753
5874 5906 6737
19764 19769 19770
5415 6246 6247
338 641 642
18155 18633 18640
8886 8903 9776
10644 10645 11521
423 441 442
716 717 737
18199 18662 18677
17806 17832 17858
6292 7135 7136
9345 9378 10234
19249 19269 19524
18197 18675 18676
17047 17632 17647
8885 8900 9790
3170 3190 3191
18731 18751 19112
17606 18153 18154
7159 8008 8024
16374 17031 17049
2261 2851 2879
7127 7985 7993
336 638 644
1242 1266 1731
17731 17755 18278
168 183 184
13681 14457 14489
9676 10541 11422
718 1126 1147
332 333 625
629 996 1009
1019 1473 1474
18160 18161 18638
1065 1083 1558
8902 8923 9792
1020 1021 1474
780 1194 1218
89 90 100
19768 19769 19776
6282 7989 7990
18677 18694 19080
6285 7126 7992
538 539 909
12480 12505 13348
14040 14838 14839
15138 15168 15878
4654 5433 5450
13282 13302 14116
13586 14394 14426
14061 14857 14858
1359 1835 1858
18542 18563 18991
14868 15621 15622
2668 2691 3332
23 152 153
18519 18931 18952
7524 7557 8392
19439 19440 19456
19035 19036 19365
19751 19752 19758
2 6 7
82 93 94
5551 5575 6374
1489 1503 2025
4003 4756 4780
558 559 576
79 80 92
3383 4075 4102
19322 19338 19339
3222 3234 3931
344 345 356
2316 2936 2964
1025 1479 1491
5314 6093 6122
11617 12457 12480
327 328 335
621 630 1000
14673 14701 15440
2288 2316 2906
4733 5508 5509
6897 7782 8654
9411 10301 10334
9275 10131 10165
16336 16999 17000
4157 4186 4945
14241 14270 15049
6224 6245 7082
16803 16830 17464
19603 19604 19611
2596 2597 3252
18154 18155 18633
4102 4130 4131
2586 3231 3236
14852 15601 15602
24 25 35
6034 6064 6866
10609 11488 11505
7589 8425 8459
181 197 422
8654 8684 9539
18692 18711 19095
5103 5135 5906
14 137 138
15078 15792 15820
2001 2589 2600
5391 5413 6224
16338 17001 17002
18752 18772 18773
8623 9508 10398
18214 18235 18693
15079 15080 15109
7060 7893 7917
4615 4636 5413
16984 16985 16994
7140 8005 8006
15618 16336 16337
637 638 1020
8262 9144 9176
9940 9970 10825
641 1024 1036
6575 6607 7457
17513 17535 18060
96 107 108
1924 1944 2516
19626 19627 19637
15353 15383 16088
8901 9790 9791
17884 17909 17910
19380 19390 19615
19770 19777 19778
9242 9276 10132
18102 18121 18599
19728 19739 19740
15050 15793 15821
9569 9598 10459
5657 6513 7363
6770 6802 7623
14058 14854 14855
18582 18600 19009
5576 6400 6426
6704 7523 7556
3254 3963 3964
19740 19742 19750
181 196 197
1478 2012 2027
15610 16321 16332
3787 3813 4516
19642 19643 19767
1486 1487 2009
18638 18639 19046
14922 14944 15691
3242 3948 3949
2691 2715 3356
13976 14754 14778
1035 1049 1521
110 111 119
1990 2581 2582
7622 7655 8525
10200 11116 11986
4685 4686 5476
35 46 47
11728 12559 12588
3921 3922 4671
1858 1882 2448
19760 19763 19764
6245 7081 7082
19396 19409 19624
18601 19009 19025
18952 18953 19289
9764 9765 10653
57 69 231
6834 7720 8559
8114 8141 8993
12237 12265 13092
19543 19558 19559
18182 18198 18199
11729 12589 12619
4700 5493 5494
24 34 35
3942 3953 4689
19725 19726 19737
17138 17164 17731
2851 2879 3525
19559 19574 19737
3675 3704 4399
630 631 1002
9719 9737 10627
143 155 169
114 295 309
13239 14057 14058
16926 16927 17556
11422 12291 12315
17017 17034 17621
142 151 152
18659 18660 19065
12 136 137
7120 7121 7989
131 132 342
14839 15599 15600
6094 6123 6927
1124 1604 2129
482 483 502
17636 18162 18171
8921 9811 9833
14864 15618 15619
7136 7137 7995
19231 19508 19525
8 10 11
1518 2040 2041
12400 13248 13249
2936 3614 3644
6483 7333 7363
13244 13245 14065
19585 19597 19754
2879 2908 3555
2448 2472 3101
1023 1032 1486
320 321 329
1170 1171 1194
16993 17603 17604
12405 13251 13252
12396 13244 13245
8294 8326 9176
17615 18164 18165
6400 6426 7248
132 133 344
17755 17780 18301
8041 8901 8920
969 984 1421
5449 5450 6263
15792 15820 16518
3644 3674 4368
17731 18256 18278
12877 13713 13745
19687 19699 19713
16343 16344 17005
19348 19605 19613
14070 14071 14860
19023 19037 19365
634 1004 1015
8767 9652 9677
6331 6352 6353
2741 2767 3409
15199 15230 15938
15542 16248 16270
13999 14778 14800
2589 2600 3245
14779 14801 15543
441 442 460
7457 8293 8358
5747 6544 6576
758 1169 1628
16999 17008 17624
11047 11081 11919
228 229 245
14802 15564 15583
16118 16146 16804
4459 4488 5258
5472 5481 6289
19356 19357 19600
10001 10885 10917
17648 18196 18197
9970 10825 10855
10664 10665 11537
16632 16633 17302
19522 19523 19541
17554 17574 17575
7129 7974 7987
10199 11081 11115
1468 1469 1994
1083 1103 1558
6705 7524 7557
10640 11518 12387
15766 16441 16466
14330 14361 15138
7868 8713 9626
19081 19082 19395
154 166 167
16310 16323 16982
7975 8848 8849
19601 19602 19609
557 574 591
14673 15412 15440
2447 3074 3100
2233 2260 2878
1560 2083 2106
18650 18651 19056
12147 12178 13004
12588 12618 13460
2007 2008 2594
1477 2008 2009
19636 19648 19768
1520 1521 2043
3950 4696 4698
3171 3860 3882
6399 6425 7247
13374 14187 14213
14778 15519 15542
19785 19786 19793
2823 3466 3495
10166 11048 11082
19799 19800 19804
11521 12389 12390
5434 5435 6264
18164 18165 18645
14886 15636 15637
11279 11310 12148
2000 2592 2593
11536 12417 13279
19788 19789 19796
4690 5472 5473
12399 12400 13247
18256 18277 18300
6288 7128 7129
12480 13324 13348
4700 4716 5511
27 36 37
17831 17832 18373
13745 14521 14553
15691 15713 16394
12619 13461 13491
10066 10067 10982
462 802 824
1757 1783 2344
5464 6280 6281
17685 18214 18215
6 8 10
6283 6284 7130
18692 19079 19094
7177 8042 8064
140 141 151
5480 5494 6299
10165 10199 11081
2207 2234 2851
2396 3020 3048
2598 2612 3255
4946 5716 5747
19081 19097 19395
14852 14853 15602
18373 18397 18398
19357 19367 19368
18674 19077 19078
6244 6245 7081
11952 12778 12811
17273 17301 17884
5553 6352 6353
15633 16342 16355
12386 12387 13225
8169 9021 9050
347 348 361
18674 19065 19077
9767 10654 11528
8866 8867 9757
18601 18617 19038
7127 7128 7985
16718 17329 17357
5656 6453 6482
8115 8968 8994
7130 7990 7991
13618 14458 15262
1169 1653 1678
12619 12650 13491
15651 15669 16373
801 1217 1241
17385 17438 17988
16334 17007 17008
4976 5746 6575
12457 12480 13324
18062 18083 18562
18037 18518 18951
15623 15624 16344
2370 2396 3020
17647 18181 18196
3884 3903 4637
19522 19711 19724
15080 15821 15850
443 759 781
213 228 229
373 389 719
1 3 4
11570 12418 12436
6299 6314 7143
17635 18170 18171
1194 1654 1679
3952 4688 4689
19010 19025 19354
70 81 82
14702 15441 15469
13209 13226 14053
15616 15617 16335
17068 17069 17685
802 1218 1242
2495 3101 3126
9597 10487 10515
3554 3584 4276
1477 2007 2008
18865 18887 18888
17557 18103 18122
15383 15412 16117
16324 16325 16984
13585 14393 14425
19287 19306 19557
15231 15969 15999
5479 6297 7139
7491 8392 9242
12376 13227 13228
5474 6291 6292
7176 8041 8042
3237 3943 4691
8459 8492 9377
5367 5391 6201
4779 5552 5576
3584 3614 4338
13952 13977 14779
9766 9767 10654
640 1022 1023
309 319 320
15441 15469 16174
461 481 801
69 70 81
6313 7159 7178
143 360 374
9738 9739 10628
3941 4679 4680
19422 19437 19453
8790 9676 10589
18120 18615 19037
3126 3813 4569
14000 14779 14801
5008 5040 5811
13192 14021 14022
12713 13553 13584
19023 19352 19353
18166 18167 18647
120 127 316
5778 6607 6639
19190 19191 19490
15850 16547 16575
7120 7988 7989
5907 5939 6770
10885 11728 11758
11489 12339 12358
18102 18581 18599
19385 19616 19617
16329 16330 16998
1010 1454 1980
19383 19392 19393
8230 8262 9112
638 639 1020
19672 19673 19686
13324 14138 14162
4945 4976 5007
19620 19628 19629
19506 19507 19523
19742 19750 19751
123 322 323
19734 19803 19807
7116 7129 7974
18971 18989 19323
9698 9719 10588
4688 5481 6300
15635 16355 16356
5509 6329 6350
18676 18692 18693
4734 4755 5529
19068 19082 19384
9756 9757 10647
306 574 590
103 113 290
481 823 843
15612 15613 16327
16997 17611 17612
127 316 327
8559 8591 9444
18692 18693 18711
14861 14862 15616
18300 18752 18774
19170 19171 19190
316 327 328
19588 19589 19599
14859 15608 15609
7393 8229 8261
6280 7120 7121
16248 16270 16927
338 339 643
6 10 84
11014 11853 11886
16394 16416 17049
8791 9677 9700
3946 4685 4686
18324 18752 18773
8869 9758 9759
12812 13618 14458
19574 19575 19737
11447 12293 12316
2595 3242 3250
6705 7557 7590
8876 9766 9767
14058 14059 14855
16173 16199 16856
9242 10099 10132
1451 1452 1960
12315 13145 13169
637 1019 1020
388 404 716
358 372 679
19035 19036 19047
108 116 117
11552 12417 12418
5601 5628 6425
4570 4593 4594
9411 9476 10334
154 167 387
17732 18257 18279
10664 11537 11553
633 1004 1013
18630 18632 19039
14837 15581 15582
16831 16857 17465
16343 17005 17017
3253 3949 3950
13348 14162 14187
19760 19764 19765
18257 18712 18732
19596 19597 19608
19229 19523 19524
2965 3645 3675
11115 11984 11985
3812 4515 4542
19636 19762 19768
3172 3861 3883
16441 17092 17115
125 126 300
7782 8654 8684
1882 1904 2472
16465 17091 17114
15601 16323 16324
5842 6639 7523
4674 5467 6283
13246 14066 14067
6246 6247 7083
2629 2648 3289
13246 13247 14067
19035 19363 19373
8591 9444 9476
3125 3149 3837
17165 17756 17781
19035 19363 19364
1437 1452 1962
343 647 648
1977 1990 2569
13092 13119 13951
13263 14079 14080
18931 18952 19289
15620 16339 16340
8426 8493 9345
13839 14585 14615
3902 3919 4635
19589 19747 19748
6454 7275 7303
1924 2493 2516
1998 2580 2581
16881 16905 17556
6299 7143 7144
18711 18731 19112
8865 9754 9755
17781 17807 18302
104 105 295
19659 19672 19673
3172 3192 3883
1419 1924 1944
16966 17576 17577
1217 1678 1704
17602 17603 18161
19486 19669 19682
4697 4698 5490
389 390 407
14082 14870 14886
16307 16980 16981
12396 12397 13245
9764 9777 10665
14802 14821 15583
11532 12400 12401
1 40 52
14097 14883 14884
13897 14673 14701
3947 4686 4687
540 890 911
4568 4592 5341
17611 18158 18159
8920 9810 9811
1628 1653 2180
7157 7158 8023
12386 13237 13238
16270 16927 16947
3240 3241 3947
5601 6399 6425
337 638 639
15598 16307 16322
9750 10640 10641
14754 15494 15519
29 39 40
18083 18084 18562
2010 2023 2610
4277 5040 5072
18235 18255 18693
537 538 557
3233 3234 3931
19779 19787 19788
18397 18423 18841
3674 4398 4428
12745 13584 13585
4487 5257 5286
5747 6576 6608
12811 12844 13681
2569 2570 3223
6295 7137 7138
7426 8262 8294
19615 19619 19620
6296 7138 7139
13263 14080 14081
16991 16992 17602
12560 13375 13403
16356 16373 17030
19035 19047 19373
3410 3411 4131
443 462 463
4398 5135 5970
372 388 697
18639 19046 19047
592 951 969
8042 8064 8921
11536 12416 13279
7332 8169 9050
3075 3760 3787
1581 2105 2129
461 779 1193
7557 7590 8426
10515 10541 11396
18865 19210 19230
2517 2537 3172
3288 3308 4002
6247 6264 7102
5433 6244 6245
14851 15597 15610
13251 14070 14083
11853 12681 12713
5970 6002 6801
168 390 407
8591 8623 9508
18157 18158 18641
4217 4277 5008
133 140 141
5552 5553 6375
3945 4684 4685
13064 13092 13925
9275 9309 10165
19095 19111 19407
14022 14802 14821
116 117 124
19791 19792 19798
18562 18563 18582
2002 2003 2589
16327 16995 16996
95 106 107
14163 14188 14969
11149 12019 12052
24 156 169
19658 19671 19672
6287 6288 7127
4733 4734 5529
7974 7975 8862
5039 5810 5842
10396 10397 10428
17357 17936 17962
14839 14840 15600
780 781 1171
5476 5477 6294
641 642 1024
15109 15139 15879
460 480 481
4829 4857 5656
19010 19340 19354
1146 1604 1628
19722 19734 19797
17 18 26
17988 18495 18518
10856 10886 11729
29 30 31
1653 2206 2232
7135 7999 8000
1472 1989 1998
6278 7117 7974
19727 19738 19747
2583 3227 3228
11644 12506 12532
13229 13230 14056
358 371 372
18636 18641 19049
16331 16332 16991
19066 19080 19081
4569 5342 5343
3241 3242 3250
9792 9793 10680
7134 7998 7999
1359 1360 1835
14554 15354 15384
4886 4946 5716
321 329 330
910 1336 1358
18151 18628 18629
2822 2850 3494
6640 7458 7491
347 652 653
1487 1488 2023
17091 17686 17708
3209 3902 3919
1925 2495 3150
4594 4616 5392
3948 4687 4696
17190 17217 17780
1194 1218 1705
19382 19383 19392
332 623 624
2155 2742 2768
9676 10566 10589
15496 16225 16928
14836 15581 15598
1193 1217 1678
19604 19606 19758
7100 7101 7958
1487 2010 2023
19363 19607 19613
7062 7083 7941
1453 1454 1979
11469 11470 12338
128 134 146
14300 14330 15108
19306 19322 19572
620 999 1000
14994 15021 15739
16983 17593 17605
15520 15543 16249
10648 10649 11524
19376 19385 19386
19543 19712 19725
18120 18121 18615
2554 3190 3209
16999 17000 17624
13169 13999 14020
4024 4778 5575
24 34 169
22 23 31
2155 2768 2795
4102 4830 4858
16982 16983 17593
2589 2590 3245
5415 5434 6247
2493 2494 3148
14067 14068 14865
1421 1438 1946
3190 3191 3902
18818 19169 19189
4616 4637 5414
4670 5449 5463
1125 1147 1629
18164 18644 18645
681 682 700
8882 9763 9773
19770 19771 19778
14098 14118 14885
1977 1978 2569
45 183 215
10610 11470 11471
9738 10611 10628
1358 1380 1881
324 331 332
18653 19050 19051
19322 19338 19586
8041 8900 8901
8814 8833 9721
10098 10131 11047
15108 15820 15849
15383 16088 16117
10398 10429 11310
19728 19799 19804
18646 19053 19054
2207 2823 2851
19673 19687 19783
5257 6063 6093
4277 4308 5072
16574 16602 17217
13777 14553 14584
17413 17439 18014
18372 18796 18818
9775 10662 10663
16328 16329 16330
4048 4778 4803
3940 3941 4679
8042 8920 8921
18 26 27
5435 6264 6265
7961 8833 8834
15200 15939 15969
2011 2012 2027
3812 4542 4568
8043 8922 8944
5778 6575 6607
16323 16324 16983
15939 16603 16632
19340 19341 19587
9539 10398 10429
13868 13897 14673
13868 14644 14673
9377 9410 10267
8525 9377 9410
8921 8943 9833
14052 14053 14851
738 1170 1171
72 83 84
15672 15693 16375
316 317 328
11517 12385 12386
16088 16117 16775
7139 7140 8004
9758 9759 10648
6512 7362 7393
19405 19622 19623
290 292 306
13 18 28
11149 11182 12052
501 823 843
10744 11617 11643
1125 1582 1583
19394 19405 19406
3308 3309 4023
8851 9739 9740
632 1013 1014
590 591 606
16200 16225 16882
7996 8009 8887
9775 10663 10678
18170 18183 18650
5715 5746 6512
11503 11505 12374
2593 3241 3250
1463 1989 1990
19585 19586 19597
15908 15938 16631
3704 4429 4459
16856 16881 17513
680 1064 1065
1858 2423 2448
17000 17615 17616
4700 4716 4718
15292 15323 15998
4024 4047 4778
7333 8170 9051
10459 11340 11369
19526 19543 19712
36 37 49
3021 3049 3732
18255 18277 18731
10825 11670 11698
8922 9812 9834
1008 1463 1464
7996 7997 8874
6299 7144 7145
15 22 151
14096 14882 14883
10949 11014 11853
19384 19385 19396
846 1242 1266
14270 14300 15078
13266 14082 14083
19743 19744 19806
19050 19051 19059
16321 16332 16992
17615 17616 18165
1021 1474 1475
131 138 139
17936 18423 18447
10566 11446 11468
19231 19251 19525
3074 3731 3759
13897 13925 14701
16328 16329 16996
3584 4276 4307
17649 17667 18198
16000 16661 16690
16307 16308 16981
1466 1467 1992
17439 17465 18014
10626 11503 11504
12458 13303 13326
8089 8115 8968
3233 3931 3941
118 126 300
664 680 1064
6738 6770 7623
6956 6984 7840
15635 15651 16356
17577 17578 18138
6300 7132 7145
1991 2573 2574
10680 11553 11573
8885 9775 9790
19437 19453 19657
9569 10429 10459
10488 11369 12267
6288 7127 7128
13522 14301 14331
9144 10034 10066
18712 18732 19113
346 357 358
2343 2370 2964
16199 16224 16905
6003 6034 6834
17592 17593 18152
16997 17609 17610
359 682 700
13898 14674 14702
16089 16118 16804
15608 16331 16332
4246 5007 5810
10643 10644 11520
19709 19722 19797
1679 1705 2234
11758 12588 12618
18349 18372 18373
14066 14864 14865
7960 8814 8833
18637 19044 19045
19191 19490 19508
4592 5367 5391
12400 12401 13249
11671 11699 12560
9081 9941 9971
293 294 307
13746 14554 14585
1478 1491 2027
4049 4779 4804
5461 5462 6275
3409 3437 4129
3952 4688 4701
10 96 97
592 607 969
14521 14553 15323
1009 1451 1464
7275 7303 8142
19646 19647 19658
94 95 106
7781 7811 8653
19191 19472 19508
2397 2423 3049
8882 9762 9763
17858 17884 18398
9344 9345 10234
605 618 619
2588 3231 3232
19439 19456 19473
9752 10630 10642
1582 1605 2130
7992 8867 8868
18661 18674 19065
10300 11148 11181
8864 9753 9754
19526 19542 19543
19643 19644 19655
16058 16088 16747
13146 13170 13977
19420 19421 19437
630 1000 1011
5286 5314 6093
11886 12713 12745
17070 17667 17687
15613 16327 16328
9858 10745 10771
6400 7223 7248
6150 6176 6983
12374 13209 13210
1017 1472 1989
889 1289 1313
999 1000 1010
17806 17832 18325
10645 11521 11522
10770 11643 11669
6955 7781 7811
5747 5779 6608
3645 4399 5136
101 111 112
12357 13191 13210
11446 11488 12337
133 141 356
18659 19064 19065
15793 15821 16492
125 323 324
14080 14882 15634
3021 3675 3704
6801 6833 7655
3253 3254 3963
14801 14802 15564
93 105 106
19752 19758 19759
10624 10640 11517
13239 13240 14058
1124 1581 2129
5716 6513 6544
11643 11669 12505
14850 15609 15610
13169 13191 14020
3242 3252 3949
17607 18155 18156
14117 14903 14923
11469 12316 12338
3333 4025 4049
19416 19631 19642
10397 10458 11309
19385 19396 19616
182 198 424
15713 16416 16440
19685 19686 19699
19026 19355 19356
16373 17030 17031
7120 7978 7988
3048 3074 3731
18324 18349 18773
42 53 54
1467 1992 1993
8293 9208 9241
16441 16466 17115
8814 9720 9721
12745 12778 13617
19783 19784 19791
18255 18711 18731
1995 2585 2586
336 337 638
18541 18952 18972
16028 16718 16747
32 41 43
18615 19023 19037
19059 19374 19378
14728 14754 15494
10610 10611 11471
681 699 700
12649 12681 13553
19766 19767 19773
5494 6299 6314
19055 19062 19063
5071 5842 5874
17139 17165 17756
15938 15968 16660
41 42 43
14615 15384 15413
18182 18183 18200
8944 9834 9859
0 1 40
17633 17634 18183
214 230 483
12148 12974 13005
19077 19078 19393
13461 14271 14301
3074 3100 3786
6276 7116 7129
18013 18037 18518
2590 2591 3238
48 59 72
19696 19782 19790
17605 17606 18153
14866 15619 15620
17756 17781 18279
17002 17003 17618
17007 17008 17613
53 66 77
6331 7178 7200
1437 1944 1962
121 305 317
7200 8043 8044
7751 8621 8653
0 37 39
17358 17386 17937
9812 10699 10700
16547 17191 17218
10654 11527 11528
18863 19229 19249
3759 4458 4487
639 1020 1021
5461 5470 6275
18540 18561 18990
2003 2004 2590
1809 1834 2371
0 37 49
19635 19636 19648
13869 14615 14645
7036 7867 7893
19406 19420 19421
10099 10132 10982
129 130 135
68 212 228
15636 15652 16357
7894 8741 8767
10886 11729 11759
1473 1480 2003
4700 5493 5511
14426 15169 15200
967 983 1418
18661 18674 18675
12265 13092 13119
7892 7893 8766
14701 15440 15468
7839 8683 8712
6983 7010 7839
4674 4682 5467
18472 18887 18909
6704 7589 8492
196 197 213
10918 11759 11790
17534 18082 18102
4593 6202 6203
15968 16660 16689
17015 17631 17632
16309 16310 16967
14857 15614 15615
7333 8200 9051
11553 12419 12420
18062 18542 18562
329 330 622
19575 19588 19589
229 441 460
11446 12315 12337
4915 5715 5746
14944 14968 15691
19382 19390 19391
19668 19682 19782
1002 1011 1466
1337 1809 1835
12051 12115 12941
10567 11423 11447
910 930 1358
4339 5072 5875
11423 11447 12293
13192 13211 14022
338 339 349
15938 16631 16660
500 519 520
12316 12338 13171
14457 15230 15261
2879 3525 3555
18637 18638 19046
3237 3942 4691
7656 8493 9378
15879 15909 16603
7248 8089 8115
7751 7781 8653
1036 1490 1505
19325 19573 19587
19603 19756 19757
16395 16417 17092
8902 9792 9793
10034 10066 10918
6297 6298 7141
122 123 321
19769 19770 19777
328 335 603
9022 9884 9912
948 949 967
2155 2181 2795
4339 5104 5875
1473 1999 2004
15600 16310 16323
15601 15602 16324
890 911 1337
19380 19381 19390
1004 1013 1014
15765 15792 16491
8293 9175 9208
11 97 99
16395 17070 17092
11887 11920 12779
17489 18037 18060
19420 19623 19633
6292 7134 7135
16660 16689 17301
13617 14425 14457
18084 18103 18582
8 9 11
17707 18256 18277
17164 17190 17755
100 110 111
9051 9081 9112
15494 15519 16224
4699 5491 5492
968 1401 1420
7993 8868 8869
19062 19375 19381
4915 4976 5746
16117 16145 16803
18200 18662 18663
1478 1479 1491
15582 16290 16308
8006 8007 8884
8199 9050 9970
8861 9750 9751
9756 10645 10646
620 621 1000
12481 13325 13326
3585 4308 4339
18301 18325 18774
2011 2598 2612
13 19 20
3964 4714 4715
824 846 847
17649 18182 18198
3936 3938 4682
3235 3236 3937
19590 19600 19601
15354 15384 16118
3949 3950 4696
9753 9754 10643
7248 7275 8115
3170 3171 3191
13430 13460 14270
2234 2261 2262
10950 11822 11854
16336 16337 17001
19726 19737 19738
639 647 1022
19802 19806 19807
8683 9596 9597
19687 19700 19791
4684 4685 5475
521 540 541
16831 17439 17465
3918 3933 4669
2715 2741 3409
968 1420 1421
389 406 407
6265 7103 7118
7811 8653 9538
404 405 422
19559 19725 19737
17330 17885 17911
19472 19473 19491
5575 6374 6399
134 145 146
9773 9774 10661
19622 19623 19632
6426 7248 7275
3232 3939 3940
7060 7082 7917
9755 9756 10645
18196 18661 18675
11520 11521 12389
1980 1991 2572
1418 1436 1437
78 79 91
19023 19024 19353
17190 17755 17780
292 306 574
17685 18214 18235
292 537 574
10798 10826 11671
5368 6151 6177
19231 19250 19251
6607 7490 8358
18471 18908 18930
18662 18677 19066
229 245 480
19424 19634 19646
14884 15651 15669
16574 17190 17217
7222 7247 8114
19063 19381 19382
19488 19506 19698
9834 9859 10721
15597 15610 16321
5493 6313 6332
4023 4024 4734
16375 17050 17070
17218 17246 17274
17909 18397 18398
360 361 684
8968 9858 9859
4216 4945 5007
3943 3944 3945
17832 18373 18398
19761 19765 19772
7177 7198 8064
12358 12375 13212
19656 19668 19682
8875 9765 9766
16029 16059 16719
11535 11536 12416
12811 13617 13681
16355 16356 17016
1964 1979 2556
1471 1472 1998
17686 17707 18235
17031 17049 17666
4916 4946 4977
3703 3731 4458
5810 5842 6639
8943 8967 9857
7656 8526 9378
2025 2612 2630
3936 4673 4674
15583 15584 16292
12385 13236 13237
14362 15139 15169
12844 12877 13713
2595 2596 3252
7119 7977 7978
19082 19384 19395
3947 3948 4687
16986 16995 17608
4779 4780 5552
4885 4915 5715
9700 9720 10590
182 198 199
8860 9759 10639
19491 19508 19525
5971 6003 6802
18617 19038 19039
16291 16929 16948
19095 19111 19112
2082 2105 2691
6329 6330 7158
5413 6224 6245
3309 3332 4047
19306 19322 19339
131 132 139
2629 3271 3983
19771 19779 19780
13065 13898 14674
15820 16518 16546
9378 9411 10301
15625 16333 17007
13522 14331 14362
2907 2936 3614
11593 11617 12457
15584 16292 16309
18754 18775 19150
19722 19723 19735
3921 4657 4671
4592 4615 5391
12779 12812 13586
18989 19007 19008
7133 7997 7998
13348 13374 14187
19390 19615 19621
1035 1036 1505
13682 13714 14490
10233 11148 11985
19045 19372 19373
112 113 121
15614 15615 16330
17614 17624 18163
14850 14859 15609
9598 10488 10516
11247 12116 12974
13065 13093 13898
8044 8902 8923
15633 15634 16355
16985 16986 17607
16881 17513 17535
18662 18663 19067
15624 16333 16344
10131 10165 11047
19369 19370 19611
16358 17017 17033
7140 7141 8006
18713 19113 19114
15713 15714 16440
10626 10627 11504
18642 18652 18653
17617 17618 18167
16225 16906 16928
2012 2598 2599
18713 19080 19096
17648 18197 18215
18910 19250 19270
129 339 340
17014 17619 17620
8088 8114 8967
8851 8863 9752
18650 18663 19056
4570 4593 5343
11594 12458 12481
8358 8391 9241
8392 9276 9310
9812 9834 10699
6285 7131 7992
15412 16117 16145
17515 17536 18084
11368 12237 12265
19722 19734 19735
14945 14969 15715
1289 1313 1782
2536 3170 3190
18663 19057 19067
308 309 319
1125 1126 1147
14 138 139
57 58 70
14866 15620 15621
7062 7919 7940
19625 19626 19637
128 135 146
14394 14426 15169
2370 2964 2992
11182 12052 12084
19287 19541 19557
19229 19507 19523
19230 19231 19250
14870 14886 15637
19762 19763 19764
15637 16343 16358
155 374 390
3227 3228 3935
3838 3861 4570
19130 19422 19438
14214 14242 15022
19151 19439 19455
18168 18648 18649
11521 11522 12390
5135 5906 5938
3936 4674 4682
4976 5007 5778
9776 10664 10665
699 1104 1126
247 262 263
16882 17490 17514
3243 3244 3953
1480 2002 2003
2992 3644 3674
143 144 360
4615 5391 5413
12293 13146 13170
10640 11517 12387
10745 11594 11618
3934 4672 4673
5103 5134 5135
17302 17330 17885
19766 19772 19773
17535 18060 18082
13375 13403 14214
18797 18819 19170
4656 5434 5435
1881 2447 2471
665 681 1067
2570 3209 3224
19348 19370 19612
15412 15440 16145
1217 1241 1730
18652 19056 19057
17629 18168 18169
15792 16491 16518
3982 4733 4734
69 230 247
19486 19682 19683
3838 4569 4570
279 293 294
4915 4945 4976
16145 16803 16830
10624 11516 11517
19596 19606 19759
4657 5435 5451
1314 1783 1809
1035 1503 1521
13490 14300 14330
16332 16991 16992
5628 6425 6453
59 71 83
406 407 424
2669 2692 3333
9857 10720 10744
3240 3944 3946
10516 10542 11397
4049 4075 4804
1503 2025 2043
8872 8873 9762
9050 9940 9970
14214 14995 15022
18863 19209 19229
13209 14038 14053
4637 4655 5415
19787 19794 19795
4669 4670 5463
1266 1731 2290
5472 6290 6291
3935 3936 3937
7178 7200 8044
16 24 25
18600 18601 19009
1990 2569 2582
16575 16603 17246
4683 5468 5469
15597 16321 16322
2716 3383 3411
122 123 298
11953 12812 13650
17534 17555 18102
18350 18374 18797
68 228 244
11886 11919 12778
9858 9859 10745
11953 11986 12845
1218 1242 1731
18775 19150 19170
4857 5685 5715
104 279 294
10334 11182 11215
2716 2743 3411
19355 19356 19600
143 155 374
13230 14056 14057
18908 18930 19288
2555 3192 3193
5552 6375 6400
11887 12714 12746
19191 19455 19472
19543 19559 19725
1084 1539 1560
15672 16375 16376
17386 17937 17963
13461 13491 14301
5472 5473 6291
13191 14019 14020
4714 5492 5508
4698 4699 5491
8871 9760 9761
18448 18472 18887
8064 8921 8943
1605 1629 2181
699 700 719
4678 5469 5470
9753 10642 10643
7222 8088 8114
5314 6122 6150
18663 19056 19057
11148 11985 12018
5939 5971 6770
11985 12017 12018
15469 16174 16200
997 1009 1451
12052 12878 12910
16340 16341 17004
12398 12399 13247
2878 2906 2907
11984 12017 12844
13 20 137
11535 12403 12416
12238 12266 13093
13746 14522 14554
6865 7719 7751
4755 5551 5575
19590 19748 19755
18039 18062 18541
13303 13326 14117
15323 15998 16058
2742 2768 3410
91 101 102
4946 4977 5779
18617 18630 19039
11015 11048 11854
19456 19658 19671
1467 1468 1994
6454 6483 7303
7490 7523 7556
5474 6292 6293
19491 19671 19685
19064 19065 19077
14458 14490 15262
18542 18562 18563
337 639 647
6608 6640 7458
19556 19571 19572
12714 12746 13554
12416 13279 14081
6802 7656 7688
5657 5686 6513
9912 9971 10826
10628 10629 11490
3191 3882 3902
332 624 625
6351 7177 7198
13460 14270 14300
4130 4886 5686
6276 6288 7129
10002 10034 10918
19644 19645 19656
6203 6225 7919
17593 18152 18153
16575 17218 17246
2041 2627 2628
2965 2993 3675
3645 3675 4399
10949 11821 11853
14079 14080 14869
17667 18198 18216
1944 2516 2536
7991 8866 8867
3126 3838 4569
13809 13839 14585
19750 19751 19757
2003 2589 2590
335 627 628
2023 2610 2611
19486 19488 19684
7176 7177 8042
6064 6866 6927
15139 15169 15909
15651 16356 16373
2 48 72
6352 6375 7199
15109 15850 15879
18563 18991 19010
1008 1017 1463
6375 7199 7223
1170 1194 1654
540 558 911
14064 14065 14863
14490 14522 15293
19031 19368 19369
3382 4101 4129
12238 13065 13093
14585 14615 15384
4074 4803 4829
624 625 1013
7998 8875 8876
13713 14489 14521
15563 15582 16290
2154 2741 2767
8262 8294 9176
8391 8425 9275
19057 19058 19068
2629 3289 3983
12403 12416 13263
14 15 140
1359 1360 1381
8861 9749 9750
16857 17465 17490
12588 13430 13460
388 697 698
11182 11215 12084
18326 18350 18797
14862 14863 15617
7135 7136 7994
636 643 644
18646 19052 19053
13265 13283 14098
16416 17068 17069
45 183 184
15608 15615 16331
244 260 261
19064 19077 19383
13241 14059 14060
3125 3786 3812
1436 1451 1452
330 622 623
16417 16441 17092
1604 1628 2180
5529 5551 6350
18601 18616 18617
17633 18182 18183
19801 19805 19806
17755 18278 18301
19571 19585 19586
19488 19489 19507
18324 18752 18774
15714 15739 16465
10652 11538 11539
330 331 623
14056 14852 14853
12388 12389 13230
294 307 308
3289 3983 4757
18061 18062 18083
19774 19781 19789
7978 7988 8863
3356 4048 4074
9811 10697 10698
14071 14072 14860
3524 4246 4276
12649 13521 13553
18636 18637 19044
3150 3838 3861
33 165 180
1010 1011 1465
16375 16395 17070
640 649 1032
12266 13093 13120
15622 16340 16341
19408 19423 19440
12845 12878 13650
12266 12267 12292
11729 11759 12619
931 1360 1381
19614 19615 19619
17631 17647 18181
1453 1964 1979
132 342 343
18989 19323 19339
9833 9857 10720
9721 10610 10611
17245 17273 17858
19391 19392 19622
294 295 308
5040 5811 6672
17686 17707 17708
7987 8861 8862
4002 4023 4734
19097 19409 19424
1629 1654 2181
9858 9884 10771
17619 17629 18169
7959 8812 8832
17000 17001 17616
125 126 326
4681 5461 5462
1903 2471 2493
16 25 26
7958 7959 8849
19623 19632 19633
18630 18631 18632
15600 15601 16323
19050 19058 19059
3269 3964 3981
19744 19752 19753
3049 3075 3760
14457 14489 15261
19 20 21
14995 15740 15766
2004 2590 2591
7176 8023 8041
7083 7102 7960
537 557 574
14840 15600 15601
324 325 332
19307 19558 19573
14116 14138 14922
16292 16309 16966
3241 3242 3948
11532 11533 12401
14059 14855 14856
19753 19754 19759
8590 8622 9475
6122 6955 6983
13283 14098 14118
13170 13171 14000
18692 19094 19095
1022 1023 1476
14271 14301 15079
3222 3932 3933
4635 5412 5433
16967 17577 17592
16290 16308 16965
13251 13266 14083
18644 19051 19052
14021 14801 14802
19338 19353 19598
16335 16336 16999
6543 7393 7425
4696 4697 4698
120 121 316
5471 6286 6287
4542 5286 5314
4186 4216 4945
17490 17514 18061
12179 12209 13035
4672 5452 5464
18953 19290 19307
13249 13250 14069
16829 16830 16856
14728 15468 15494
3882 4615 4636
2041 2628 2647
212 213 228
19168 19454 19471
8870 9767 10655
10366 11215 11247
4688 4689 5481
19250 19251 19270
8262 9112 9144
108 109 117
19416 19620 19629
19111 19421 19422
19793 19799 19800
16906 16928 17515
14068 14865 14866
3255 3271 3965
1945 1946 1963
7917 7939 8789
14188 14214 14995
10300 10333 11181
19727 19728 19798
1401 1420 1904
16603 16632 17246
16928 16929 17536
153 165 166
13349 13375 14188
17909 18397 18423
8870 9760 10655
16633 17246 17274
13229 14055 14056
8229 8261 9111
16249 16271 16928
949 967 1400
16546 17164 17190
8791 8813 9700
8832 9719 9737
2516 2536 3170
19802 19803 19807
14553 15323 15353
11506 12375 12376
7623 7656 8493
11115 11952 11984
6313 6331 6332
500 501 843
1945 2537 2555
9911 10770 10797
9792 9812 10700
4130 4858 5686
4187 4217 4977
373 389 390
1964 2556 3210
7010 7839 8712
19659 19673 19775
3224 3918 3919
71 83 94
13431 13461 14271
12746 12779 13586
14115 14884 14902
14778 14800 15542
10950 11015 11854
5746 6512 6543
19470 19670 19684
6298 7141 7142
19735 19745 19746
1783 2344 2371
1808 2343 2370
557 575 591
5392 5414 6225
12265 12291 13119
13250 13263 14079
18062 18541 18542
9736 9751 10641
14645 14674 14702
345 649 650
8834 9738 9739
11527 12395 12396
18349 18372 18796
14241 15021 15049
576 950 951
16546 16574 17190
15599 15600 16310
90 91 101
1679 2207 2234
6123 6927 6956
1008 1009 1464
9476 10334 10366
2105 2691 2715
2083 2669 2692
4635 4654 5433
44 56 212
1538 1559 2081
15050 15079 15080
18541 18542 18972
13402 13430 14241
19113 19114 19131
7960 7961 8833
12589 12619 13461
15078 15108 15820
18039 18061 18062
16926 16947 17575
19420 19437 19645
5136 5167 5939
260 261 277
19392 19405 19622
650 663 1047
16248 16905 16927
56 68 212
16089 16748 16776
9 77 89
17330 17358 17937
3237 3238 3943
17489 18013 18037
4 5 9
4025 4049 4779
16327 16328 16996
11920 11953 11986
6203 7061 7919
15022 15050 15793
424 443 759
18137 18151 18629
18183 18200 18650
4101 4129 4885
8022 8885 8900
3524 3554 4276
3288 3982 4002
7556 7589 8425
18163 18164 18643
2768 3438 3466
1963 1964 2555
83 94 95
823 845 1241
9834 10699 10721
4655 4656 5434
19790 19796 19797
3883 3884 4616
142 154 371
19786 19793 19794
19596 19607 19608
12973 13004 13808
19740 19742 19804
13808 13868 14644
14923 14945 15692
19438 19453 19454
14053 14836 14851
18300 18301 18774
10233 10267 11148
7100 7117 7958
17709 18216 18236
4858 5629 5657
18217 18677 18694
12 136 146
11369 12209 12238
15200 15909 15939
6331 6352 7200
3918 4654 4670
44 196 212
1999 2000 2592
12 13 18
9081 10002 10034
1014 1469 1470
11423 12292 12293
5471 6275 6287
18199 18217 18677
4075 4102 4830
6293 7136 7137
13281 14097 14115
10654 11526 11527
9719 10609 11504
5480 6299 7145
6224 7060 7082
18840 19189 19209
19352 19598 19608
19040 19366 19367
4690 5472 5481
19762 19768 19769
18326 18753 18775
17489 17513 18060
12682 13491 13522
182 407 424
16926 17534 17556
999 1010 1454
17833 18326 18350
17859 18374 18399
125 300 323
13243 14071 14072
6202 7037 7061
14056 14057 14853
19574 19587 19588
13005 13035 13869
13521 14330 14361
18888 19230 19250
4677 4678 4683
19453 19657 19670
14115 14116 14902
19643 19655 19767
11014 11886 11919
15563 16270 16290
3237 3238 3245
19761 19766 19772
5470 5471 6275
11516 11517 12385
1757 2290 2317
19306 19557 19572
19375 19379 19380
4023 4024 4047
1123 1124 1580
16492 16519 17165
19604 19605 19611
19709 19710 19722
96 97 108
3812 3837 4568
19683 19697 19698
4542 4568 5341
15670 15691 16394
19750 19756 19757
9626 9652 10516
539 889 910
19764 19765 19770
16336 17000 17001
19393 19394 19405
1169 1628 1653
19749 19750 19756
18646 18647 19054
2716 3357 3383
7868 8741 9626
7140 8004 8005
19424 19440 19646
9344 10234 11116
2595 3242 3252
3903 3920 4655
11014 11047 11919
15602 16324 16325
15 21 22
14754 14778 15519
2936 2964 3644
16344 17005 17006
868 869 890
6287 7126 7127
2010 2597 2610
8008 8024 8903
3226 3227 3922
19774 19782 19789
13093 13120 13926
4778 4803 5601
7011 7894 8741
15468 16199 16224
16357 16376 17033
14854 15611 15612
4677 4682 4683
15613 15614 16328
7990 8864 8865
4698 5490 5491
14039 14821 14838
1066 1067 1084
1004 1014 1470
56 68 226
7940 7941 8813
482 824 847
5490 6297 6298
7720 7752 8559
19151 19423 19439
758 779 1169
6399 7222 7247
19111 19112 19130
2591 2592 3239
17000 17615 17624
14052 14063 14850
1000 1010 1011
4593 4594 5392
4684 5473 5474
16323 16982 16983
15821 16492 16519
5656 5685 6482
15519 16224 16248
19081 19096 19097
327 334 335
18632 19040 19041
12375 12376 13227
2610 3254 3269
1477 1486 2009
4977 5008 5779
19171 19191 19455
2570 3223 3224
3211 3225 3921
5629 5657 6483
319 608 609
2768 3410 3438
15671 15692 15693
15583 16291 16292
336 340 341
42 52 53
18751 19112 19130
19168 19169 19471
278 293 559
11520 12388 12389
3438 4187 4916
17274 17859 18350
18170 18650 18651
18615 19023 19024
15543 16249 16271
15614 16328 16330
930 949 1380
1169 1193 1678
1964 2555 3210
651 652 1036
14644 15383 15412
9736 9737 10627
11537 12404 12420
1945 2517 2537
213 229 441
19748 19749 19755
4715 4733 5508
7811 7839 8683
889 910 1336
12437 12458 13303
13281 13282 14115
14426 15200 15231
5468 6284 6285
6672 6705 7524
4670 5449 5450
1999 2004 2592
16199 16881 16905
16997 16998 17612
17989 18015 18496
16829 16830 17464
10699 10721 11594
11643 12480 12505
14139 14923 14945
17008 17614 17624
7892 7917 8789
10541 11396 11422
665 666 682
16088 16747 16775
7010 7036 7867
7782 7812 7840
1032 1486 1500
19391 19622 19631
9774 10661 10662
7892 8766 8790
15169 15200 15909
10098 11014 11047
141 142 151
9080 10001 10885
129 340 341
12394 12395 13253
631 632 1002
14840 14852 15601
17617 18165 18166
71 82 94
19636 19637 19762
6 72 84
10488 10516 11397
19624 19634 19635
4047 4048 4778
9883 9911 10770
2628 2647 3308
1014 1468 1469
4756 4780 5552
6576 7458 8294
10642 11507 11519
2 3 7
4688 4701 5480
3495 3525 4247
322 330 331
18495 18518 18930
14052 14850 14851
3255 3965 3966
18180 18181 18660
13403 14214 14242
89 99 100
123 321 322
3934 3935 4673
7977 7978 8851
11310 12148 12179
633 634 1004
2423 2448 3075
19376 19377 19386
11789 11821 12681
6002 6801 6833
3882 3902 4636
19780 19781 19788
18649 18659 19055
23 153 165
13035 13065 14674
15138 15849 15878
336 337 342
16906 17514 17515
12373 13225 13226
9143 9175 10065
3614 3644 4368
22 151 152
19406 19420 19623
10660 11532 11533
19778 19785 19786
10720 10744 11617
19765 19770 19771
5341 5367 6150
15564 15583 16291
13212 14039 14040
8623 9539 10398
10650 11529 11531
6 7 8
9507 10396 10428
5040 5072 5875
640 647 648
13242 14060 14061
11538 11539 12405
9759 10648 10649
17554 17574 18137
7988 8864 9753
967 1400 1419
144 145 156
698 716 717
3938 3939 4677
2061 2081 2668
6002 6033 6833
17909 17936 18423
637 1018 1019
2907 3584 3614
7198 7222 8088
14862 15616 15617
10366 11247 11279
8994 9022 9884
18349 18773 18796
346 356 357
11446 11468 11488
11397 11423 12292
19700 19713 19726
17603 17604 18150
19341 19355 19599
626 633 634
623 624 631
1478 2001 2002
13522 13554 14362
4543 5287 5315
91 92 102
2592 2593 3239
603 604 618
17620 18169 18180
2 48 49
70 71 82
3951 3952 4718
79 91 92
6639 7490 7523
3438 4158 4916
1023 1476 1477
2580 2581 3234
1313 1336 1833
846 1266 1290
15 20 21
11670 11698 12559
16992 16993 17603
1992 1993 2574
6225 7062 7919
14065 14066 14863
16329 16997 16998
10886 10918 11759
10653 10654 11526
1757 2317 2344
3466 3495 4187
2207 2795 2823
1756 2316 2343
7117 7958 7975
3243 3951 3953
99 100 110
681 1067 1104
17988 18013 18518
8789 9698 9699
1475 1999 2000
111 112 120
346 358 663
14995 15022 15766
12618 13460 13490
3211 3904 3920
11526 11527 12394
9736 10626 10627
19306 19323 19339
16290 16947 16965
5971 6770 6802
8864 8865 9754
13227 14040 14054
8789 8812 9698
1604 2154 2180
2581 2582 3234
12589 13403 13431
19658 19659 19672
124 300 323
4101 4829 4857
14020 14800 14820
9790 9791 10678
5716 5747 6544
19190 19210 19490
93 94 106
18197 18214 18215
18171 18642 18651
307 308 593
10643 11519 11520
19026 19354 19355
22 23 152
10655 10656 11528
2289 2290 2317
93 104 264
1833 2396 2422
3149 3171 3860
18424 18842 18865
717 737 1123
19094 19394 19407
624 631 632
5906 5938 6737
6897 7720 7752
18675 18676 19079
17047 17648 17666
19735 19736 19746
609 620 621
3674 4398 5134
442 460 461
18540 18951 18971
9749 9750 10624
79 80 226
5575 5601 6399
116 123 124
1518 1537 2041
12941 12973 13777
19356 19366 19367
3410 4131 4158
15496 16249 16928
11534 11535 12403
132 343 344
16719 16748 17358
2571 2572 2573
4671 4672 5452
8043 8044 8922
12401 12402 13249
14615 14645 15413
18198 18199 18217
246 247 262
699 718 719
1833 1857 2422
16980 16993 17604
12436 13281 13282
9538 9568 10428
4276 4307 5039
9757 9758 10647
7976 8834 8850
18662 19066 19067
12391 13240 13241
1782 1808 2343
3922 3934 4671
642 1024 1025
19794 19795 19802
18299 18751 18772
16803 17438 17464
9309 9343 10199
4886 5686 5716
7918 8767 8791
630 1002 1011
12418 13264 13281
2 3 49
8944 8968 9859
650 1033 1047
2397 3021 3049
5467 6283 6284
19111 19407 19421
17634 17635 18170
19408 19424 19440
13325 13349 14163
18166 18646 18647
19762 19764 19769
11953 12779 12812
12417 12418 13264
15440 15468 16173
2261 2879 2908
10166 10167 11082
19363 19372 19613
15849 15878 16574
7978 8851 8863
12388 13229 13230
15581 16307 16308
155 168 184
4804 4830 5602
2554 2570 3209
12115 12147 12973
7144 7996 8009
14821 14838 15584
19045 19046 19373
12291 12315 13145
2965 3615 3645
18842 18865 19210
15168 15199 15908
17604 18150 18151
11886 12745 12778
10699 10700 11572
758 1146 1628
19574 19575 19588
17357 17385 17412
10301 10334 11182
17536 17557 18103
19634 19635 19647
15543 15564 16271
11527 12394 12395
12681 12713 13553
10588 10609 11468
17884 17909 18398
7132 7996 7997
17015 17620 17631
18166 18645 18646
13225 13238 14052
19130 19148 19438
18648 19054 19062
3555 3585 4308
9568 10428 10458
1559 1580 1581
19796 19797 19803
11789 12649 12681
5843 6672 6705
333 625 626
627 628 635
16329 16996 17609
8903 9776 9793
7867 8712 8740
308 319 593
13247 13248 14067
19633 19644 19645
1538 1558 1559
18971 18989 18990
9378 10234 10301
4 8 9
19793 19794 19800
15714 16440 16465
6282 6283 7130
3585 4339 4369
17465 18014 18038
8170 9051 9941
214 230 231
1978 2569 2570
18991 18992 19324
5451 5452 5464
18299 18731 18751
3256 3951 3966
5315 5342 6151
8591 9476 9508
119 120 127
19648 19659 19775
18372 18373 18397
13236 13242 14061
14068 14866 14867
336 340 644
13324 13348 14162
637 638 644
6512 6543 7393
2024 2611 2627
4886 4916 4946
541 558 559
13005 13839 13869
9971 10002 10856
9276 10166 10167
15672 16357 16376
9208 9241 10131
17034 17633 17634
15622 15633 16341
1124 1146 1604
3645 4369 5136
17030 17047 17632
14994 15714 15739
30 31 41
1015 1471 1472
331 332 623
4516 4543 5287
1 4 5
10644 11520 11521
7986 8861 9749
2001 2002 2589
9766 10653 10654
619 996 997
4669 4681 5463
3150 3172 3861
2289 2317 2937
13925 14701 14728
4338 5103 5134
15669 15670 16374
2599 3243 3256
13431 14242 14271
127 326 327
6704 6737 8492
9756 10646 10647
358 663 679
10744 10770 11643
11310 11340 12179
136 137 138
57 215 231
19078 19393 19394
11671 12532 12560
14885 14903 15652
14066 14863 14864
7118 7976 7977
17593 17605 18153
3584 4307 4338
3945 4684 4691
19421 19422 19437
11953 12845 13650
1993 2583 2584
15519 15542 16248
15611 16325 16326
16339 17003 17004
10610 11469 11470
12506 12532 13349
14489 15261 15292
19771 19778 19779
14522 15293 15324
17578 18138 18139
10488 11397 12267
305 306 318
6513 6544 7394
7132 7133 7997
3193 3903 3904
45 46 217
18199 18200 18662
1194 1679 1705
19416 19629 19630
16356 17016 17030
14187 14213 14994
8684 9539 9569
19029 19031 19368
617 629 996
1124 1580 1581
19669 19670 19684
19606 19758 19759
4733 5509 5529
6330 7176 7177
14969 14995 15740
2397 2993 3021
8007 8884 8885
14836 14851 15598
18865 18888 19230
18640 18641 19049
1783 1809 2371
8943 9833 9857
461 801 1193
17164 17731 17755
2105 2715 2741
2583 2584 3228
19627 19637 19763
406 718 738
18674 19078 19079
15713 16394 16416
2586 2587 3231
15850 15879 16575
11507 11519 12377
6866 6897 7720
7333 7363 8200
9144 10066 10067
5685 5715 6512
1465 1980 1991
14860 14861 15624
10066 10950 11790
8622 9507 10396
11246 12115 12147
8863 9752 10642
18279 18302 18753
16985 17606 17607
128 134 348
16519 17165 17191
14871 15623 15624
4398 5134 5135
3931 3941 4680
3950 4698 4699
16985 16986 16994
18159 18637 18638
19058 19059 19377
347 652 666
4398 5166 5970
4593 5392 6203
15495 16200 16225
19728 19740 19804
112 120 121
19739 19747 19748
10 84 96
18642 18643 18653
5464 6279 6280
4701 5480 5494
5198 5228 6034
983 1418 1436
9507 9538 10428
8790 9651 9676
19784 19785 19792
3357 3383 4075
17330 17911 17937
14882 14883 15635
2628 3270 3288
12419 12420 13265
14393 15168 15199
2593 3240 3241
4307 5039 5071
2767 3437 3465
4487 4515 5286
13064 13897 13925
18600 18601 18616
4673 4674 5465
10855 11698 11728
19713 19725 19726
7998 7999 8876
5469 5471 6286
14163 14945 14969
13951 14728 14754
5166 5197 5227
3252 3253 3949
18162 18642 18643
10629 11506 12359
1018 1019 1480
10590 11447 11469
3982 4715 4733
636 1018 1026
66 67 78
3126 3787 3813
13171 13192 14021
17621 17622 17635
1489 1490 1505
8043 8065 8944
15739 15765 16465
19585 19736 19746
949 1380 1400
6290 7133 7134
17831 17832 18325
18711 19095 19112
18159 18160 18638
14064 14072 14862
11470 11471 11489
19029 19367 19368
4187 4916 4977
19785 19792 19793
19369 19609 19610
7811 8683 9538
18972 18991 19324
3760 3787 4516
4024 4755 5575
18563 18582 19009
29 30 40
7133 7134 7998
13246 14065 14066
14821 15583 15584
2472 2495 3101
17609 17610 18157
4569 4570 5343
9539 9569 10429
16307 16322 16980
8886 8887 9777
575 948 949
16980 17591 17604
8064 8088 8943
15413 16118 16146
1011 1465 1466
17618 17629 18167
6177 7011 7037
14069 14079 14867
6093 6122 6926
5039 5071 5842
7894 7918 8767
293 307 577
8326 9176 10099
4803 5601 5628
13521 13553 14361
11618 12481 12506
19251 19270 19542
5811 6640 6672
4976 5778 6575
18200 18650 18663
17962 18447 18471
5491 5492 6311
2260 2288 2906
16690 16719 17358
15168 15878 15908
5685 6512 7362
19700 19714 19726
125 325 326
16929 17536 17557
3289 4003 4757
2597 3252 3253
12337 13169 13191
17807 18302 18326
19604 19605 19606
7159 7178 8024
104 264 279
15324 16029 16059
13898 13926 14729
3674 4368 5134
950 951 968
1400 1903 1924
18636 19044 19049
5228 5258 6064
12390 13239 13240
9833 10698 10720
7135 7994 8000
14853 15602 15611
10033 10065 10949
16718 17357 17412
57 69 70
4636 5412 5413
230 246 483
18754 19113 19131
19058 19068 19376
43 54 55
8426 9310 9344
17859 18350 18374
5510 5511 6332
9940 10797 10825
998 999 1454
8622 9475 10396
14882 15634 15635
4592 5341 5367
10745 10771 11618
5 52 53
538 557 909
9754 10643 10644
18628 19036 19047
11821 11853 12681
1469 1995 1996
9410 9443 10300
11519 12377 12388
48 59 218
15323 15353 16058
13244 14064 14065
5508 5509 6329
19596 19754 19759
3813 4516 4543
13617 13681 14457
18910 19270 19289
9677 10542 10567
8684 8713 9569
3210 3211 3904
8834 8850 9739
1991 2572 2573
15623 15637 16343
19647 19658 19659
7656 7688 8526
6833 7655 7687
15139 15879 15909
18989 18990 19008
1464 1960 1977
17591 17604 18151
17576 17577 18138
18887 18888 18909
1359 1858 1882
2234 2261 2851
19348 19605 19611
641 652 1036
6177 6984 7011
14242 14271 15050
10698 10720 11593
577 592 951
8790 9699 10589
558 576 931
14856 14857 15614
1125 1582 1605
1857 2422 2447
3585 3615 4369
12404 13251 13266
13241 13242 14060
17989 18472 18496
373 700 719
19231 19490 19508
18153 18154 18631
19556 19723 19736
19053 19374 19379
17629 18167 18168
3288 3981 3982
77 78 90
4157 4885 4915
7975 8848 8862
2907 3554 3584
19045 19372 19612
9776 9793 10664
2590 3238 3245
11116 11149 12019
5287 5315 6094
14118 14885 14903
17606 17607 18155
19375 19380 19381
950 1381 1401
4714 4715 5508
3228 3235 3937
4637 5414 5415
16776 17386 17413
5778 5810 6639
261 500 519
9810 9811 10697
129 130 341
7812 7840 7868
15 140 151
7081 7101 7939
12209 12238 13065
17576 18122 18138
19437 19645 19657
19035 19364 19365
8920 8921 9811
8886 9776 9777
5475 5476 6294
30 40 52
19357 19601 19609
15441 16146 16174
19742 19804 19805
7719 7751 8621
10665 11537 11538
1809 1834 1835
5842 5874 7523
14923 15671 15692
18150 18161 18639
14861 15616 15625
12377 12388 13229
5071 5103 5906
323 324 331
18159 18636 18637
18103 18582 18600
15597 15598 16322
359 373 374
18910 18931 19289
10651 11531 11532
19743 19744 19752
18 27 28
8887 9764 9765
19697 19698 19711
14885 14886 15636
18060 18540 18561
19575 19589 19747
245 500 843
5414 5415 6246
8994 9858 9884
10397 10428 10458
19742 19743 19805
14 139 140
9476 9508 10366
9022 9912 9941
18751 18772 19148
263 278 279
1016 1017 1472
8713 9569 9598
10611 11471 11490
18819 19170 19190
2569 2582 3223
197 422 423
8024 8044 8902
2573 3225 3226
18647 18648 19054
7101 7959 8812
9750 9751 10641
5167 5939 5971
9443 9475 10333
14271 15050 15079
3310 3333 4025
19348 19370 19611
15968 15998 16689
1380 1881 1903
17608 17609 18157
642 1025 1026
5480 6300 7145
16 145 156
18643 18644 18653
8850 8851 9739
8041 8042 8920
7986 8860 9749
19357 19368 19609
18840 18863 19209
7458 8294 8326
12019 12052 12878
10626 11503 11518
1451 1464 1960
19605 19606 19613
2516 3148 3170
12877 12941 13745
17002 17617 17618
10652 11526 11539
16341 17004 17014
16491 16518 17138
5468 5469 6286
19029 19040 19367
3759 4487 4515
10458 11309 11339
12390 12391 13240
2062 2083 2669
17781 18279 18302
16341 16342 17014
8115 8142 8994
7117 7974 7975
9763 9773 10660
8200 9051 9112
9761 10651 11531
6576 7426 8294
19 29 39
1519 1538 2081
19606 19607 19613
19615 19620 19621
3148 3149 3171
19558 19559 19573
575 909 930
6244 6263 7100
13245 13246 14065
3920 4655 4656
13237 13238 14063
12208 12237 13064
1704 1730 2288
1962 2536 2554
17273 17858 17884
717 1103 1123
3227 3922 3934
2992 3674 3703
318 590 605
10067 10099 10982
45 215 217
8870 8876 9767
17832 17858 18398
2317 2937 2965
15670 16374 16394
17709 18236 18257
10663 11535 11536
59 72 83
16342 17014 17015
7011 7037 7894
6276 6277 7116
16089 16776 16804
500 501 520
17611 17612 18160
16967 16982 17592
2061 2647 3309
10664 10680 11553
4684 4691 5473
13035 13869 14674
17116 17709 17732
16948 16966 17576
1520 2042 2062
19455 19472 19473
19025 19026 19038
2232 2233 2260
19387 19618 19619
18155 18156 18640
17274 17833 18350
18953 19289 19290
7892 7893 7917
13584 14361 14393
11525 12393 13236
18950 19269 19288
18103 18122 18600
442 461 779
8901 8920 9810
5435 5451 6265
15581 15598 16307
11517 12386 12387
14490 15262 15293
14062 14063 14859
5167 5198 5971
10629 11490 12359
11573 12419 12437
325 332 333
16174 16831 16857
1582 2106 2130
8009 8886 8887
1834 2397 2423
182 183 199
9760 9761 10650
6202 6203 7061
11698 11728 12559
130 131 341
9051 9081 9941
17515 18083 18084
608 609 620
19114 19408 19423
14083 14870 14871
262 278 541
7362 7393 8229
18472 18496 18909
19378 19379 19614
3946 3947 4686
593 607 608
8848 8849 9737
890 1314 1337
6897 6927 6956
2083 2106 2692
3236 3937 3938
322 323 331
3238 3943 3944
12481 12506 13325
8142 8170 9022
501 823 845
95 96 107
12052 12084 12910
19710 19711 19724
7959 8832 8849
19023 19352 19365
67 79 226
19096 19114 19408
16 24 156
19634 19646 19647
17622 17635 17636
649 1032 1033
18992 19324 19325
15230 15261 15968
329 609 621
8740 8766 9651
13618 14426 15231
17386 17413 17963
5510 6332 6353
347 666 684
2447 2471 3100
7425 7457 8293
5492 6311 6312
8868 8869 9758
13145 13169 13999
3190 3209 3902
16747 16775 17412
14097 14115 14884
19209 19489 19507
0 3 49
3209 3224 3919
15691 15713 15714
19053 19375 19379
18648 19055 19062
10515 11368 11396
1489 1503 1505
665 1049 1067
18819 18842 19210
2878 2907 3554
19150 19151 19171
6280 6281 7121
2011 2025 2612
10650 10656 11529
15692 15693 15715
19059 19377 19378
3437 3465 4186
19340 19341 19354
1654 2181 2207
30 42 52
13952 14779 15520
7138 7995 8873
19470 19471 19489
19066 19081 19082
7892 8790 9699
19792 19793 19799
3938 4677 4682
4593 5343 6202
11488 11505 12357
5477 6295 6296
3271 3965 3983
10234 10301 11149
9112 9144 10034
520 538 539
12400 13247 13248
7137 7138 7995
1479 1480 2002
2822 3465 3494
228 244 245
133 344 356
18888 18909 18910
1021 1022 1476
1420 1904 1926
58 70 71
3525 3555 4247
18170 18171 18651
90 100 101
9309 10165 10199
16146 16174 16831
4616 5392 5414
3309 4023 4047
14055 14840 14852
14 15 20
19784 19791 19792
3383 4102 4131
14853 14854 15611
640 648 649
8044 8922 8923
11503 12373 12374
5553 6352 6375
3494 3524 4216
12682 12714 13554
19585 19746 19754
4946 5747 5779
14080 14869 15634
16776 17413 17439
10656 11529 12397
9719 10627 11504
1989 1998 2581
128 348 349
17003 17619 17629
3437 4129 4157
15617 15618 16335
19287 19524 19541
2011 2012 2598
19058 19376 19377
14838 14839 15599
5367 6176 6201
1991 1992 2574
13265 14082 14098
6176 6983 7010
13714 14490 14522
18168 18647 18648
9760 10650 10655
462 781 802
14242 15022 15050
15623 16343 16344
18302 18326 18753
8865 8866 9755
4158 4886 4916
8261 9143 9175
7158 7176 8023
1066 1084 1539
16310 16967 16982
6737 7622 8492
198 443 463
1994 2584 2585
4101 4857 4885
15969 16000 16661
9884 10771 10798
1834 1835 1858
10721 10745 11594
19486 19669 19684
636 637 644
16982 17592 17593
4429 4459 5228
7393 7425 8261
15969 15999 16000
18677 19066 19080
2591 3239 3944
6282 7121 7989
15693 15715 16417
6312 6329 7158
7138 8004 8873
1605 2155 2181
16343 16358 17017
17554 18120 18137
165 166 180
19386 19387 19618
18399 18424 18842
8426 9344 9345
9791 10678 11551
14858 15608 15615
141 142 357
16633 17302 17885
6865 6896 7751
11505 12357 12374
12506 13325 13349
17608 18156 18157
11278 11309 12178
338 641 653
10652 10665 11538
10642 10643 11519
2081 2082 2668
3786 3812 4515
2571 3210 3211
604 605 618
19007 19008 19024
17301 17329 17910
19772 19773 19780
679 680 697
11278 12147 12178
14019 14038 14837
1034 1048 1502
14425 15199 15230
7590 8426 8493
540 541 558
2588 3232 3233
2023 2024 2611
2767 2794 3465
7302 7332 8169
16028 16058 16747
3255 3256 3966
502 521 869
12974 13809 13839
19618 19627 19628
14070 14083 14871
996 997 1009
9443 10300 10333
16981 17574 17591
9652 9677 10542
12419 13265 13283
18084 18562 18582
11790 11822 12650
14 20 137
19036 19037 19365
12084 12910 12942
19270 19290 19542
12397 12398 13245
67 78 79
387 388 404
7119 7120 7978
345 346 650
16059 16089 16748
14331 14362 15139
7144 7145 7996
7719 8590 8622
46 47 218
15740 16417 16441
19795 19802 19803
718 738 1147
622 623 631
16333 17006 17007
10917 11758 11789
128 129 339
83 84 95
11593 12456 12457
81 263 264
2261 2262 2289
18644 18653 19051
620 985 999
1653 1678 2232
737 1123 1146
9652 10516 10542
167 387 404
19025 19026 19354
14393 14425 15199
15636 15637 16358
10639 10649 11516
18908 19249 19269
6834 6866 7720
110 118 119
12084 12116 12942
12373 12387 13225
11537 11538 12404
13869 14645 14674
17005 17006 17622
14000 14021 14801
6294 6295 7137
8713 9598 9626
19739 19740 19749
19632 19642 19643
12389 13230 13239
5315 6094 6123
4672 5464 5465
19655 19773 19774
5 9 77
17534 17535 18082
802 824 1242
0 39 40
19771 19772 19780
14870 14871 15623
14866 14867 15621
13650 13682 14458
4130 4131 4158
7157 8022 8023
5412 5413 6245
1488 1502 2024
18991 18992 19010
33 43 55
19509 19699 19712
16965 16981 17574
16342 17015 17016
1266 1757 2290
3813 4543 5342
2593 2594 3250
19687 19700 19713
10650 10655 10656
779 1169 1193
10167 10200 11082
344 345 648
17667 17687 18216
1313 1782 1808
14188 14969 14995
10567 10590 11447
1489 2011 2025
6246 7062 7083
3223 3224 3933
23 31 41
17015 17016 17632
13746 13809 14585
5874 6704 6737
5392 6203 6225
3224 3918 3933
8526 8559 9444
13326 14117 14139
4217 4977 5008
8683 9568 9597
261 277 519
343 344 648
6289 6290 7133
5551 6351 6374
4716 4735 5511
576 931 950
1024 1036 1490
6033 6063 6896
19368 19369 19609
155 168 390
19325 19340 19587
2206 2233 2822
197 213 441
7102 7103 7961
641 652 653
3860 3882 4615
19734 19735 19745
636 637 1018
18236 18694 18712
16857 16882 17490
2767 3409 3437
11854 11887 12714
10697 10698 11571
68 80 226
17963 17989 18472
18214 18676 18693
55 67 226
19409 19624 19634
6275 6276 6288
10679 10697 11570
53 54 66
18628 18629 19036
8868 9757 9758
17034 17621 17634
18712 18713 19113
16292 16948 16966
7557 8392 9310
14331 15079 15109
1010 1465 1980
8860 9749 10639
16991 16998 17612
17574 17591 18137
1465 1991 1992
5104 5907 5939
17031 17047 17666
17357 17910 17936
4075 4804 4830
17963 18448 18472
3382 3409 4129
19603 19604 19757
17047 17647 17648
1336 1358 1857
405 737 757
305 317 318
17032 17633 17649
11644 11671 12532
8326 9242 10099
520 539 867
11309 11339 12208
19453 19454 19670
6351 6374 7198
338 349 653
17385 17962 18495
3813 4569 5342
1925 1926 2517
13777 13808 14584
13808 14584 14644
9568 9597 10487
8004 8873 8882
16174 16200 16857
11699 11729 12589
1539 1560 2083
16331 16991 16998
3237 3244 3942
5469 5470 5471
17032 17034 17633
16775 17412 17438
985 998 999
11532 12399 12400
6063 6896 6926
1463 1977 1990
6034 6834 6866
277 291 292
2908 2937 3615
19630 19761 19766
16373 16374 17031
25 35 47
19540 19556 19572
2937 2965 3615
13554 14362 14394
198 424 443
19053 19054 19375
1705 2234 2262
16547 16575 17218
10770 10797 11669
11116 11986 12019
5493 5511 6332
3021 3704 3732
6544 6576 7426
18909 18910 18931
7143 7159 8008
6896 7751 7781
12589 13431 13461
16633 17274 17859
125 324 325
664 1048 1064
17732 17756 18279
9720 9721 10610
7985 7986 8860
19307 19324 19325
13264 14096 14097
3494 4186 4216
7199 7223 8065
19148 19168 19438
15909 15939 16603
1605 2130 2155
19782 19789 19790
12358 13211 13212
18676 18692 19079
122 309 320
14361 15138 15168
17831 18349 18373
16145 16173 16830
19379 19380 19614
16829 17489 18013
12116 12974 13809
1560 1582 1583
19148 19149 19168
1023 1477 1486
10646 10647 11523
5475 6293 6294
6311 7142 7157
19710 19723 19724
14857 14858 15615
15850 16519 16547
19642 19766 19767
12437 13283 13303
5510 5530 6353
19029 19031 19042
17245 17806 17858
13898 14702 14729
11531 11532 12399
12531 12559 13402
388 698 716
2344 2965 2993
167 181 422
10199 10233 11115
1007 1016 1017
19509 19526 19712
14213 14241 15021
608 620 985
16440 16465 17091
4339 4369 5104
1004 1015 1470
998 1438 1453
2316 2343 2964
17003 17004 17619
3333 3357 4049
406 424 759
7103 7118 7976
12385 12386 13237
1705 1731 2262
10629 10630 11506
15021 15049 15765
8866 9756 9757
19031 19042 19043
2573 2574 3226
19078 19079 19094
14883 14884 15651
18694 18712 18713
6201 7036 7060
18162 18171 18642
2580 2588 3233
19052 19053 19374
7082 7917 7939
8833 8834 9738
18217 18236 18694
18277 18299 18300
1857 1881 2447
12392 12393 13242
1400 1419 1924
663 664 679
9857 9883 10744
1438 1946 1963
307 592 593
3231 3236 3939
1488 2023 2024
6313 6331 7178
1018 1025 1026
14489 14521 15292
9698 9699 10588
7939 8789 8812
19635 19647 19648
2850 3524 3554
9761 9762 10651
0 1 3
14040 14054 14839
7458 7491 8326
2040 2041 2627
8861 8862 9751
11368 11396 12265
126 127 326
3289 3310 4003
480 481 843
9721 9738 10611
3237 3244 3245
3861 4570 4594
7941 8813 8814
14838 15584 15599
17709 17732 18257
7988 8863 9753
16632 16633 17246
6425 7247 7274
9763 10651 10660
345 346 356
629 1007 1008
10680 10700 11573
6281 6282 7121
16329 16997 17609
10826 11671 11699
5258 5287 6094
3332 4047 4048
8871 8872 9762
19710 19722 19723
7132 7145 7996
15049 15078 15792
7118 7119 7977
2823 3495 3525
1336 1833 1857
33 44 55
5197 6002 6033
142 153 154
5493 5494 6314
628 629 1007
6453 6482 7302
11524 11525 12393
19456 19646 19658
2000 2007 2594
4488 4516 5287
5449 5463 6277
17687 17709 18216
10798 11644 11671
19423 19439 19440
18122 18600 18616
10566 10589 11468
6064 6094 6927
14300 15078 15108
15998 16028 16058
19094 19095 19407
13839 13869 14615
19673 19686 19687
19779 19786 19787
11822 12682 12714
15050 15080 15821
983 997 1436
2154 2180 2794
1979 2556 2572
17218 17274 17833
290 291 292
4684 5474 5475
1018 1025 1479
92 102 103
13325 14139 14163
6292 6293 7136
16948 17557 17576
11309 12178 12208
540 869 890
359 682 684
7812 7868 8713
7997 8874 8875
19788 19795 19796
15693 16395 16417
2154 2767 2794
14779 15520 15543
607 984 985
18256 18278 18300
18167 18168 18647
6277 6278 7116
6576 6608 7458
16199 16856 16881
17385 17412 17438
5197 5257 6063
14553 14584 15353
737 758 1146
2106 2130 2743
4756 5530 5553
18038 18039 18061
7083 7941 7960
5938 6801 7622
1017 1463 1989
4690 4691 5473
3965 4716 4735
3227 3934 3935
951 968 969
17217 17245 17806
262 263 278
16718 16747 17412
4679 5461 5470
3465 3494 4186
16357 16358 17033
18374 18819 18842
317 318 604
14836 14837 15581
12746 13586 14394
8683 8712 9596
617 628 629
14082 14083 14870
18992 19010 19340
14868 14869 15622
18601 19025 19038
19794 19800 19801
1559 1581 2082
1490 1491 2027
19440 19456 19646
28 37 39
34 45 46
7303 7333 8170
19773 19780 19781
143 144 156
14883 15635 15651
8525 8558 9410
1034 1047 1048
7782 7812 8684
15820 15849 16546
443 462 781
1834 2371 2397
11571 11593 12456
19744 19745 19753
153 154 166
5198 6003 6034
9276 10132 10166
6284 6285 7131
8767 8791 9677
13243 13244 14064
3918 4669 4670
8832 8849 9737
984 1421 1438
13248 14067 14068
7687 7719 8590
17615 18163 18164
1032 1033 1500
19210 19230 19490
12559 12588 13430
19744 19745 19807
1960 1962 1978
8993 9021 9911
8459 9309 9343
3760 4488 4516
16689 17301 17329
32 33 43
8884 8885 9775
5008 5779 5811
12878 12910 13682
501 845 867
19051 19052 19374
6265 6279 7118
911 1337 1360
14702 14729 15469
15542 15563 16270
10333 10365 11246
1337 1360 1835
19029 19041 19042
460 461 481
1756 1782 2343
19454 19470 19670
10661 11533 11534
18599 19008 19024
2004 2591 2592
19506 19522 19711
19068 19376 19384
18951 18971 19288
462 482 824
10429 10459 11340
1808 2370 2396
4308 4339 5072
3934 4671 4672
7394 8200 8230
634 1015 1016
3952 3953 4689
260 277 291
19633 19643 19644
16225 16882 16906
19777 19784 19785
7102 7960 7961
7590 7623 8493
16325 16326 16994
6865 7687 7719
5473 5474 6291
7655 7687 8558
15633 16341 16342
19251 19526 19542
15354 16089 16118
10662 10663 11535
626 627 635
19491 19509 19525
3228 3935 3937
9764 10652 10665
11082 11920 11986
8114 8967 8993
13745 13777 14553
13325 13326 14139
1489 2011 2027
245 480 843
18953 18972 19324
16984 16985 17605
16326 16994 16995
2471 2493 2494
2611 3269 3270
16690 17302 17330
12373 13209 13226
1420 1926 1946
5228 6034 6064
8558 9410 9443
19348 19372 19612
9736 10626 10641
10487 11339 11368
30 41 42
19067 19068 19082
11215 11247 12116
9775 9790 10678
9343 10199 10233
11670 12531 12559
13977 14000 14779
6293 6294 7137
3860 4592 4615
19054 19062 19375
2611 2627 3270
18754 19131 19150
17413 17989 18014
325 326 334
19786 19787 19794
16224 16248 16905
17707 18255 18277
7752 8591 8623
2493 2516 3148
117 118 300
13926 13952 14755
12456 12457 13302
16491 17114 17138
1520 2042 2043
7999 8000 8870
16881 17535 17556
5477 6294 6295
19542 19543 19558
5258 6064 6094
10487 10515 11368
8863 9753 10642
19509 19685 19699
6330 6350 6351
19556 19571 19736
263 264 279
12337 12357 13191
1049 1066 1521
8653 9507 9538
7010 7867 8712
2669 3310 3333
329 621 622
18471 18886 18908
1945 1963 2555
7178 8024 8044
17114 17708 17731
18645 18646 19052
14861 15625 16333
651 1035 1036
11529 11531 12399
6802 7623 7656
15908 16602 16631
11539 12394 13252
18796 19149 19169
1265 1289 1782
15625 16334 17007
93 104 105
3837 3860 4568
3919 4635 4654
306 318 590
16829 17464 18013
13034 13064 13897
6704 7556 7589
2423 3049 3075
19586 19597 19598
2715 3356 3382
14968 14994 15714
10065 10098 10949
3903 4637 4655
18154 18632 18633
7490 8358 8391
17004 17014 17619
1474 1475 1999
7655 8525 8558
19779 19780 19788
8874 8887 9765
738 759 1171
17621 17634 17635
16271 16928 16929
2106 2692 2743
113 121 305
19290 19307 19558
13349 14163 14188
81 247 263
16334 16999 17008
9758 10647 10648
2794 2822 3465
13225 13226 14052
19752 19753 19759
19251 19525 19526
1471 1997 1998
16985 17605 17606
19540 19541 19557
18139 18152 18630
7589 8459 8492
8088 8943 8967
17989 18014 18015
13250 14069 14079
19229 19249 19524
19066 19067 19082
4338 4368 5134
984 998 1438
4778 5575 5601
134 348 361
18888 18910 19250
846 847 868
2008 2595 2596
7274 7302 8169
2598 2599 3256
10679 11552 11570
11396 11422 12291
16983 16984 17605
11986 12019 12845
123 124 323
36 48 49
13925 13951 14728
7425 8261 9175
141 356 357
6122 6926 6955
2010 2596 2597
336 341 342
2647 3308 3309
4542 5314 5341
12017 12844 12877
18950 19269 19287
7719 8621 8622
18542 18972 18991
14054 14055 14840
5040 5843 6672
4003 4756 4757
4429 5167 5198
6453 7274 7302
16980 16981 17591
18372 18397 18841
18659 19055 19064
5412 5433 6245
3936 3937 3938
2422 2447 3048
12266 12292 13146
3555 4247 4308
2495 3126 3838
4857 5656 5685
16322 16980 16993
12746 13554 14394
8459 9343 9377
8866 9755 9756
18015 18039 18519
17831 18325 18774
244 245 261
14070 14860 14871
16966 16967 17577
19734 19745 19807
19727 19728 19739
1033 1034 1500
2768 2795 3466
46 217 218
9208 10065 10098
5686 5716 6513
18496 18909 18931
105 114 295
4656 4657 5435
10233 11115 11985
10771 10798 11644
6279 6280 7119
19776 19777 19784
664 1047 1048
12456 13282 13302
13713 13745 14521
1654 1679 2207
7958 7975 8849
18840 18841 18864
5257 5286 6093
11952 11984 12811
16466 16492 17139
3148 3170 3171
14019 14020 14820
17607 17608 18156
5602 5629 6454
17413 17963 17989
142 152 153
6033 6833 6865
128 129 135
12 13 137
11887 12746 12779
16602 16631 17245
15669 16373 16374
18255 18693 18711
290 305 306
519 520 538
14851 15597 15598
19686 19687 19699
629 1008 1009
5367 6150 6176
1560 1582 2106
19682 19683 19782
10624 10639 11516
19394 19406 19407
19409 19424 19634
10365 10396 10397
405 716 737
6279 7118 7119
13976 13999 14778
18629 19036 19037
12402 13249 13250
15468 15494 16224
3222 3931 3932
17032 17033 17034
14068 14069 14867
11522 12390 12391
1996 1997 2587
14864 15617 15618
6123 6956 6984
9761 10650 11531
14117 14118 14903
13226 14052 14053
3704 4399 4429
1021 1475 1476
13237 14062 14063
25 36 47
3410 3438 4158
19111 19130 19422
333 626 627
3950 3963 4699
19644 19655 19668
198 199 214
278 279 293
845 867 1289
7991 8865 8866
15440 16145 16173
7990 7991 8865
17831 18324 18774
13951 13976 14754
92 103 276
15080 15109 15850
5135 5938 5970
14162 14944 14968
7332 7362 8229
345 648 649
11533 11534 12402
2448 3075 3101
11570 11571 12436
14038 14836 14837
16926 16927 16947
11339 12208 12237
3942 4690 4691
5843 6705 6738
10720 11593 11617
3270 3288 3981
7491 8326 9242
13120 13926 13952
11246 11278 12147
14729 14755 15495
9598 9626 10516
737 757 758
12404 12420 13266
19668 19774 19782
847 868 869
19602 19755 19756
4428 4458 5227
16991 17602 17612
3759 3786 4515
14820 15563 15582
340 643 644
13236 14061 14062
18950 19306 19323
17114 17138 17731
19800 19804 19805
15261 15292 15968
14820 14837 15582
16965 17574 17575
9021 9911 9940
12560 12589 13403
1125 1126 1583
11506 12359 12375
1290 1757 1783
1834 1858 2423
1473 1474 1999
334 335 627
19723 19735 19736
4216 4246 5007
19744 19806 19807
13283 13303 14118
18840 18863 18864
10651 10660 11532
13303 14117 14118
19131 19151 19423
18182 18199 18200
11523 12391 12392
10640 10641 11518
4700 4701 5494
4157 4915 4945
559 576 577
19751 19757 19758
11594 11618 12481
16776 16804 17439
3524 4216 4246
14060 14856 14857
17357 17385 17962
114 122 309
17092 17115 17116
80 260 276
9410 10267 10300
1473 2003 2004
68 80 244
7974 7987 8862
4699 4714 5492
7918 7919 7940
11516 11525 12385
19631 19632 19642
405 423 757
19656 19669 19682
260 276 291
10200 11082 11986
10002 10886 10918
18908 19269 19288
337 342 343
1581 2082 2105
17068 17685 18215
7274 8141 8169
17 145 146
6425 6453 7274
14584 14644 15383
11853 11886 12713
1266 1290 1757
18169 18180 18649
19714 19727 19738
4687 5476 5477
122 320 321
5451 5464 6279
801 823 1241
17911 18399 18424
2396 2422 3048
17578 17592 18152
25 27 36
27 28 37
17218 17807 17833
3615 3645 4369
3981 3982 4715
15609 15610 16332
19456 19473 19671
1033 1034 1047
10950 11790 11822
16518 16546 17164
19618 19619 19628
17068 17666 18215
2001 2012 2599
5040 5843 5875
1469 1470 1996
16465 16491 17114
6244 7081 7100
18950 18971 19288
846 868 1290
5843 5907 6738
14060 14061 14857
19387 19614 19619
2586 3235 3236
1904 1925 1926
12395 13243 13244
1926 1945 2517
19439 19455 19473
13211 14022 14039
3357 4049 4075
9081 9112 10034
17614 17636 18162
15616 15625 16334
9699 10588 10589
5478 5479 6296
8492 8525 9377
18818 18840 19189
1997 2587 2588
359 360 684
19777 19778 19785
121 316 317
404 405 716
15821 15850 16519
2584 2585 3235
18181 18196 18661
8833 9721 9738
16339 16340 17004
17578 18139 18152
7131 7992 8867
346 650 663
1478 1479 2002
2233 2822 2850
7988 7989 8864
16986 17607 17608
9754 9755 10644
6544 7394 7426
130 136 138
13228 13229 14055
245 261 500
5481 6289 6300
5104 5875 5907
17116 17139 17732
14301 14331 15079
759 781 1171
16996 17608 17609
14079 14868 14869
9310 9344 10167
16271 16291 16929
9791 10679 11551
7142 7157 8022
199 214 231
3100 3125 3786
3074 3759 3786
16440 17069 17091
16342 16355 17016
6352 7199 7200
2261 2289 2908
12812 13650 14458
9749 10624 10639
11369 12238 12267
931 950 1381
15292 15968 15998
6297 7140 7141
664 679 680
17139 17732 17756
7363 7394 8200
14903 14923 15671
12338 12339 13192
17534 17535 17556
4459 5228 5258
10660 10661 11533
17464 17988 18013
7989 7990 8864
11699 12560 12589
7223 7248 8089
19420 19633 19645
3963 3964 4714
81 82 264
14054 14839 14840
9720 10590 10610
18952 18953 18972
16059 16719 16748
13248 14068 14069
18423 18447 18864
699 718 1126
19699 19712 19713
10611 10628 11490
13119 13145 13976
5414 6225 6246
18181 18660 18661
5490 5491 6298
4829 5628 5656
1989 1990 2581
15049 15765 15792
6375 6400 7223
7986 7987 8861
576 577 951
6291 6292 7134
1012 1014 1468
16339 17002 17003
2582 3222 3223
18819 19190 19210
4685 5475 5476
1502 1518 2040
13682 14458 14490
8848 9736 9751
9475 10333 10365
69 230 231
19617 19626 19627
14138 14162 14944
2009 2010 2596
19740 19749 19750
14138 14922 14944
5462 6276 6277
2582 3222 3234
1218 1705 1731
15616 16334 16335
8901 9791 9810
9762 9763 10651
16661 16690 17302
16291 16292 16948
9081 9971 10002
17006 17613 17622
12376 12377 13228
11340 11369 12209
6955 7811 7839
19491 19509 19685
7011 7868 8741
1471 1996 1997
13618 15231 15262
6640 7491 7524
15620 15621 16340
144 360 361
19352 19364 19608
11522 11523 12391
17708 17731 18256
19709 19790 19797
17610 17611 18158
15581 15582 16308
18818 18840 18841
5071 5874 5906
12 17 146
14858 14859 15608
17030 17031 17047
12436 12456 13282
2494 3125 3149
7062 7940 7941
11984 11985 12017
10002 10856 10886
18751 19130 19148
19616 19625 19626
13264 13279 14096
18642 18651 18652
651 665 1049
7128 7129 7987
10797 10825 11670
10855 10885 11728
142 357 371
8683 9538 9568
10626 10641 11518
17685 17686 18235
17017 17033 17034
17191 17781 17807
14079 14867 14868
18886 18908 19249
111 119 120
10301 11149 11182
103 276 291
640 647 1022
7394 7426 8230
180 181 196
19628 19629 19760
16 17 145
1904 1925 2472
14864 14865 15619
12017 12018 12877
1067 1084 1104
11551 11552 12417
628 635 1007
9208 10098 10131
19322 19571 19586
3982 4002 4734
8006 8883 8884
97 108 109
8065 8944 8968
10648 11523 11524
1469 1994 2585
18772 19148 19149
8873 8882 9762
2600 3244 3245
2130 2742 2743
19602 19603 19610
373 374 390
18082 18561 18581
5166 5970 6002
19363 19364 19607
11519 11520 12388
3931 3932 4680
10365 11246 11278
17001 17002 17616
15496 15520 16249
12395 12396 13244
3438 3466 4187
7996 8874 8887
8902 8903 9793
3383 3411 4131
18180 18649 18659
12505 13348 13374
4399 5136 5167
14066 14067 14865
539 867 889
3952 4701 4718
17780 17806 18325
18060 18082 18561
1418 1419 1437
14019 14820 14837
757 758 779
229 460 480
19391 19621 19631
10001 10033 10917
1104 1126 1583
911 931 1360
2597 3253 3254
16997 17610 17611
8199 9080 9970
13282 14115 14116
8493 9345 9378
4 7 8
12238 12266 12267
14867 14868 15621
8526 9411 9444
18540 18971 18990
3101 3126 3787
626 634 635
15200 15231 15969
339 340 643
19619 19620 19628
13191 13210 14019
13004 13034 13868
17647 17648 18196
6123 6151 6984
116 123 298
5779 5811 6608
3902 4635 4636
17707 17708 18256
635 1007 1016
12358 12359 12375
118 119 126
19697 19709 19710
15231 15262 15999
845 1241 1265
7141 7142 8007
19734 19797 19803
78 90 91
16829 17489 17513
21 22 31
2042 2629 2648
4654 4670 5450
14860 14871 15624
14863 14864 15617
5433 5450 6244
8392 9242 9276
13210 14019 14038
17005 17621 17622
19596 19606 19607
605 606 619
19356 19357 19367
17610 18157 18158
4217 4247 4277
12018 12051 12877
19149 19168 19169
1903 1924 2493
16337 16338 17001
1012 1467 1468
17069 17685 17686
5343 5368 6202
7332 8199 8229
19728 19798 19799
114 122 298
14039 14040 14838
19051 19059 19374
18796 18818 19169
372 679 697
3884 4616 4637
18773 18796 19149
11081 11115 11952
19601 19602 19755
18423 18841 18864
8558 8590 9443
17616 17617 18165
501 520 867
3703 4428 4458
15652 15671 15672
12147 12973 13004
19632 19633 19643
17909 17910 17936
19385 19386 19617
54 55 67
2536 2554 3190
10429 11310 11340
2495 3150 3838
10950 10982 11015
15619 15620 16337
17438 17464 17988
8968 8994 9858
4635 4636 5412
10656 12396 12397
17116 17687 17709
6247 7083 7102
7126 7127 7993
12403 13250 13263
3861 3883 4594
11536 11551 12417
6033 6865 6896
606 619 983
9143 10001 10033
335 617 628
2180 2206 2794
3860 4568 4592
621 622 630
1978 2554 2570
10662 11534 11535
845 1265 1289
4428 5166 5227
4487 5227 5257
18277 18299 18731
10397 11278 11309
18164 18643 18644
1470 1471 1996
3243 3256 3951
10698 11571 11593
19522 19540 19541
14213 14994 15021
9677 9700 10567
15939 15969 16661
4025 4779 4780
19077 19383 19393
11984 12811 12844
4307 5071 5103
1065 1538 1558
14855 15612 15613
8851 9740 9752
19760 19761 19765
12404 12405 13251
2823 2851 3525
19416 19630 19642
1049 1066 1067
57 58 217
14701 14728 15468
3232 3940 3941
15353 16058 16088
19405 19406 19623
15621 15622 16340
4697 5478 5479
8261 9111 9143
16748 16776 17386
1944 1962 2536
103 290 291
14062 14858 14859
6225 6246 7062
4488 5258 5287
9241 9275 10131
19355 19599 19600
7303 8142 8170
6275 6287 6288
3966 4716 4718
3125 3812 3837
7131 7991 8867
5472 6289 6290
16804 16831 17439
16028 16689 17329
1704 2232 2260
4657 5451 5452
5746 6543 6575
909 910 930
1066 1520 1521
18197 18214 18676
19386 19617 19618
2906 2907 2936
19470 19488 19489
6176 6201 7036
18139 18616 18617
18519 18541 18952
2908 3585 3615
1217 1704 1730
13402 14213 14241
1882 2448 2472
18121 18599 18615
19290 19542 19558
8923 9792 9812
15765 16465 16491
7128 7986 7987
1147 1170 1629
17577 17578 17592
2317 2344 2965
4830 5602 5629
11181 12018 12051
16321 16322 16993
8008 8009 8886
19026 19038 19366
5464 5465 6281
574 590 591
19571 19585 19736
12338 13171 13192
6282 7130 7990
6374 6399 7222
4687 5477 5478
13238 14052 14063
19171 19190 19191
10699 11572 11594
307 577 592
19042 19043 19048
9176 10067 10099
4689 4690 5481
2517 3150 3172
5315 6123 6151
12 17 18
11617 11643 12480
1487 2009 2010
18950 19287 19306
1064 1518 1537
11518 12373 12387
7557 8426 9310
101 102 112
19573 19574 19587
19644 19656 19668
590 605 606
18651 18652 19056
19486 19683 19698
2580 3233 3234
11526 11539 12394
14755 15495 15496
8884 9774 9775
15384 15413 16118
6003 6802 7688
3918 3919 4654
3945 3946 4685
8871 9761 9762
18374 18797 18819
5314 5341 6150
14330 15108 15138
19683 19696 19782
3932 3933 4669
19416 19621 19631
19597 19598 19608
8967 9857 9883
10066 10950 10982
16028 16718 17329
19151 19171 19455
14022 14039 14821
15766 15793 16466
69 81 247
3963 4699 4714
4682 4683 5467
16270 16290 16947
13252 13253 14071
6607 7457 8358
2593 3239 3240
12942 13714 13746
7138 7139 8004
7425 8293 9175
3239 3240 3944
19627 19628 19760
606 948 983
13240 13241 14059
16200 16857 16882
948 967 983
8000 8870 9760
19781 19788 19789
15879 16575 16603
1007 1008 1017
406 718 719
3075 3101 3787
12339 13192 13211
19745 19746 19753
16928 17515 17536
1358 1857 1881
19377 19378 19387
19697 19710 19711
18168 18169 18649
19396 19616 19624
16375 16376 17050
16466 17115 17139
1519 1537 2041
2850 3494 3524
666 682 684
19775 19776 19783
14969 15715 15740
9175 9208 10065
9343 9377 10267
9344 10167 10200
57 215 217
2627 2628 3270
2370 2992 3020
698 717 1103
4686 4687 5476
15608 15609 16332
18120 18137 18629
14270 15049 15078
19063 19382 19383
16376 17032 17050
320 329 609
8883 9773 9774
15413 15441 16146
2612 3255 3271
19378 19387 19614
326 327 334
1452 1960 1962
5938 6737 7622
11396 12265 12291
1520 1539 2062
348 349 653
2555 3193 3210
11048 11082 11920
18863 18886 19249
12209 13035 13065
6312 7157 7158
9651 9676 10541
19683 19696 19697
9759 10639 10649
3232 3233 3941
3 4 7
19616 19624 19625
18581 18599 19008
1019 1473 1480
18989 19007 19339
19169 19189 19471
34 35 46
15468 16173 16199
5530 5553 6353
14870 15623 15637
9143 10033 10065
17631 17632 17647
502 847 869
4048 4074 4803
12649 13490 13521
7130 7131 7991
4458 4487 5227
15715 15740 16417
7101 7958 7959
651 652 666
8142 8994 9022
17614 18162 18163
16632 16661 17302
197 423 441
15620 16338 16339
2612 2630 3271
10652 10653 11526
423 442 757
12745 13585 13617
15199 15908 15938
6295 6296 7138
2042 2043 2630
5477 5478 6296
19352 19353 19598
12618 12649 13490
19230 19231 19490
19575 19738 19747
4657 4671 5452
2692 2716 3357
19080 19081 19096
119 126 127
5007 5778 5810
18372 18818 18841
4678 4679 5470
17885 17911 18399
21 29 31
84 95 96
16631 16660 17273
19486 19488 19698
19590 19599 19600
8922 8944 9834
4803 4829 5628
1559 2081 2082
8293 8358 9241
9508 10398 11279
12116 12942 13809
12292 12293 13146
19743 19805 19806
13264 13281 14097
19189 19209 19489
154 371 387
7961 7976 8834
14057 14058 14854
19341 19588 19599
13170 13977 14000
10458 10487 11339
4247 4277 4308
4697 5479 5490
13171 14000 14021
11470 11489 12339
19589 19590 19748
10267 10300 11148
3614 4338 4368
12148 12179 13005
17557 17576 18122
3222 3223 3933
17217 17780 17806
2181 2207 2795
618 619 996
3704 3732 4459
681 699 1104
19712 19713 19725
19131 19150 19151
18694 18713 19080
6280 7119 7120
10661 10662 11534
12910 12942 13714
16326 16327 16995
18660 18661 19065
8526 9378 9411
5811 6608 6640
12910 13682 13714
5368 6177 7037
4543 5315 5342
19743 19751 19752
47 48 218
4735 4757 5530
1558 1559 1580
17514 18061 18083
2585 2586 3235
18863 18864 18886
183 199 215
1064 1065 1537
11553 11573 12419
4687 4696 5478
18953 19307 19324
246 502 521
9 11 89
19714 19727 19798
18447 18864 18886
14902 14922 15670
3932 4680 4681
11503 11504 11505
16995 16996 17608
1469 1995 2585
10797 11669 11670
5451 6265 6279
8590 9443 9475
295 308 309
14645 14702 15441
2587 2588 3231
18637 19045 19046
1502 2024 2040
15230 15938 15968
7941 7960 8814
14850 14851 15610
3193 3210 3904
930 1358 1380
12293 12316 13170
12505 12531 13374
2471 2494 3100
14072 14860 14861
12942 13746 13809
19384 19395 19396
9700 10567 10590
18161 18638 18639
4858 5657 5686
19357 19600 19601
3951 3952 3953
18299 18752 18772
9739 9740 10628
5657 6483 7363
19617 19618 19627
11523 11524 12392
16748 17358 17386
19150 19170 19171
19655 19668 19774
18581 18990 19008
2042 2062 2648
18599 18615 19024
18652 18653 19050
13714 13746 14522
17514 17515 18083
9598 10459 10488
11507 12376 12377
1925 2472 2495
5629 6454 6483
15354 16059 16089
3193 3884 3903
17008 17613 17614
14902 15669 15670
1265 1730 1756
16882 16906 17514
4680 4681 5461
2742 2743 3411
337 343 647
2082 2668 2691
23 32 41
7622 8492 8525
1084 1560 1583
1454 1979 1980
19575 19737 19738
13585 13617 14425
6284 7130 7131
19 28 39
2206 2794 2822
16519 16547 17191
3935 3936 4673
12973 13777 13808
10459 10488 11369
13120 13146 13977
8005 8882 9773
14063 14850 14859
17631 18180 18181
2692 2716 2743
6263 6278 7117
19673 19775 19783
19778 19779 19786
2130 2155 2742
1420 1421 1946
13211 13212 14039
12457 13302 13324
17002 17616 17617
3983 4735 4757
7103 7961 7976
19026 19356 19366
7101 7939 8812
1960 1977 1978
2597 2610 3254
14729 15469 15495
17611 18159 18160
104 294 295
6896 6926 7781
15618 16335 16336
3269 3270 3981
11048 11854 11887
15495 15496 16225
3437 4157 4186
17911 17937 18448
19114 19131 19423
4246 5039 5810
3382 4074 4101
2008 2594 2595
5493 6313 6314
17603 18150 18161
80 92 276
13209 13210 14038
328 603 604
19062 19063 19381
11247 11279 12148
7036 7060 7893
14331 15109 15139
19341 19587 19588
12179 13005 13035
18082 18102 18581
133 139 140
9080 9111 10001
130 135 136
519 537 538
12391 12392 13241
5492 5508 6312
11525 12385 13236
7275 8115 8142
6297 7139 7140
5166 5197 6002
5551 6350 6351
7997 7998 8875
15612 16326 16327
12650 12682 13491
2715 3382 3409
25 26 27
17490 18038 18061
9776 9777 10665
13403 13431 14242
10590 10610 11469
6866 6897 6927
19625 19635 19636
19714 19791 19798
2628 3288 3308
3236 3938 3939
5907 6738 6770
4779 4804 5576
5434 6247 6264
8867 8868 9757
3732 4459 4488
1463 1464 1977
7126 7992 7993
9740 10628 10629
12682 13522 13554
8141 8169 9021
19374 19378 19379
1048 1064 1518
7994 8871 8872
10132 10166 11015
168 182 183
9883 10744 10770
338 642 1026
11524 12392 12393
10 11 97
19625 19636 19637
107 116 298
293 559 577
18015 18038 18039
10697 11570 11571
6314 7143 7159
997 1436 1451
14865 14866 15619
15878 16574 16602
3254 3269 3964
10826 10856 11699
9755 10644 10645
6482 7302 7362
5342 5343 5368
15022 15766 15793
3495 4217 4247
12559 13402 13430
13243 13253 14071
7992 7993 8868
9021 9050 9940
3943 3945 4691
2494 3100 3125
1024 1490 1491
19630 19642 19766
6289 7132 7133
9343 10233 10267
625 626 633
14072 14861 14862
2105 2129 2741
19629 19630 19761
1035 1503 1505
2571 2573 3225
5602 6426 6454
11539 12405 13252
3965 3983 4735
7867 8740 8766
18753 18754 18775
3192 3883 3884
2024 2040 2627
19801 19802 19806
4830 4858 5629
18632 18633 19041
1419 1437 1944
13265 13266 14082
9750 10624 10640
17050 17070 17667
4678 4683 5469
277 292 537
19380 19614 19615
7976 7977 8850
13 19 28
10542 10567 11423
1170 1629 1654
8874 8875 9765
1730 1756 2288
17555 18102 18121
7490 7556 8391
15620 16337 16338
15740 15766 16441
3049 3732 3760
12531 13374 13402
17191 17218 17807
1018 1479 1480
11506 11507 12376
17859 17885 18399
10334 10366 11215
19381 19382 19390
8741 9626 9652
18424 18448 18887
2584 3228 3235
16321 16992 16993
6330 7158 7176
8008 8886 8903
1034 1488 1502
3965 3966 4716
17016 17030 17632
9884 9912 10798
7892 8789 9699
16992 17602 17603
967 1418 1419
8887 9764 9777
3332 3356 4048
17634 18170 18183
18156 18157 18641
17936 17962 18447
11822 11854 12714
8170 9022 9941
11215 12084 12116
12375 13212 13227
10700 11572 11573
102 112 113
17831 18324 18349
14362 14394 15169
338 643 1026
19727 19739 19747
1881 1903 2471
18139 18617 18630
14584 15353 15383
3241 3947 3948
12373 12374 13209
8993 9883 9911
12416 13263 14081
18633 18640 19048
1519 1537 1538
1002 1012 1466
14038 14053 14836
168 182 407
1476 1477 2007
19044 19045 19612
1066 1520 1539
12051 12877 12941
19616 19617 19626
1465 1466 1992
17165 17191 17781
1381 1401 1882
17014 17015 17620
109 110 118
19168 19438 19454
19523 19524 19541
19604 19757 19758
7812 8684 8713
5342 5368 6151
7687 8558 8590
10165 11047 11081
10646 11522 11523
10566 11422 11446
19046 19047 19373
636 643 1026
18037 18540 18951
2556 2571 3210
19629 19760 19761
11572 12437 12458
16947 16965 17575
649 650 1033
12419 12437 13283
17032 17050 17649
8007 8022 8885
8848 9736 9737
9767 10655 11528
18162 18163 18643
5479 5490 6297
2908 3555 3585
19522 19540 19724
19031 19369 19370
591 606 948
5197 5227 5257
1993 2574 2583
2001 2599 2600
13145 13976 13999
18775 18797 19170
1993 1994 2584
6374 7198 7222
19749 19755 19756
607 608 985
9810 10679 10697
321 322 330
18180 18659 18660
1604 2129 2154
3310 4003 4025
19792 19798 19799
1997 2580 2588
11489 11490 12359
619 983 997
592 593 607
19270 19289 19290
6285 6286 7126
3308 4002 4023
12377 13228 13229
19382 19391 19392
44 55 56
19714 19726 19738
15324 15354 16059
32 33 165
19063 19064 19383
6311 6312 7157
14425 14457 15230
18732 18753 18754
5685 6482 7362
11822 12650 12682
19209 19229 19507
42 43 54
8922 8923 9812
11920 11953 12779
15615 16330 16331
19645 19656 19657
10588 10589 11468
1503 1521 2043
2371 2397 2993
19556 19723 19724
9971 10826 10856
5462 5463 6277
18165 18166 18645
1731 2262 2290
14869 15622 15633
1 5 52
6640 6672 7524
12532 12560 13375
14884 14902 15669
17385 17988 18495
10917 11789 11821
11728 11758 12588
19369 19610 19611
17615 17624 18163
14755 15496 15520
1478 2001 2012
2668 3309 3332
9411 9444 9476
17003 17618 17629
16518 17138 17164
15618 15619 16337
19338 19586 19598
13228 14054 14055
6513 7363 7394
2129 2154 2741
13375 14188 14214
8425 8459 9309
6264 7102 7103
19097 19408 19424
2591 3238 3944
2691 3332 3356
16000 16690 16719
19307 19325 19573
7199 8043 8065
277 519 537
17648 17666 18215
19637 19762 19763
14081 14096 14882
359 360 374
2316 2906 2936
19057 19067 19068
18120 18629 19037
8813 8814 9720
55 56 226
18652 19050 19057
13119 13951 13976
17911 18424 18448
632 1002 1012
1997 1998 2580
19096 19097 19408
780 802 1218
889 1313 1336
11572 11594 12458
58 59 218
11488 12337 12357
347 348 653
13236 13237 14062
17617 18166 18167
8621 8653 9507
8900 8901 9790
6201 6224 7060
18138 18139 18616
12316 13170 13171
15693 16375 16395
16308 16965 16981
17620 17631 18180
19739 19748 19749
14117 14139 14923
7752 8623 8654
11618 11644 12506
3231 3232 3939
11759 11790 12650
5467 5468 6284
5843 5875 5907
5474 5475 6293
651 1035 1049
19454 19470 19471
1084 1104 1583
9793 10664 10680
482 502 847
19348 19372 19613
15599 16309 16310
19097 19395 19409
2610 2611 3269
19506 19698 19711
4683 5467 5468
18732 18754 19113
19470 19488 19684
11538 12404 12405
44 180 196
7081 7082 7939
4129 4157 4885
10033 10949 11821
317 328 604
11048 11887 11920
19506 19522 19523
15293 15999 16029
18644 18645 19052
143 156 169
19363 19372 19373
8741 8767 9652
4399 4429 5167
3951 3966 4718
11669 11670 12531
8200 8230 9112
5479 6296 7139
8199 9080 9111
357 358 371
12974 13005 13839
6264 6265 7103
18930 18951 19288
19603 19610 19611
19657 19669 19670
3356 3382 4074
9740 9752 10630
6176 7010 7036
18447 18471 18886
2260 2878 2906
11758 11789 12618
36 47 48
4679 4680 5461
7977 8850 8851
3731 3759 4458
12532 13349 13375
11503 11518 12373
11571 12436 12456
6298 6311 7142
13251 13252 14070
18150 18628 18639
7136 7994 7995
10771 11618 11644
6289 6300 7132
7985 8860 8869
1475 2000 2007
481 801 823
19007 19338 19339
4756 4757 5530
13034 13868 13897
14162 14187 14968
3020 3048 3731
8812 8832 9698
7128 7985 7986
17613 17614 17636
5508 6312 6329
2992 3020 3703
3225 3226 3922
10365 10397 11278
1313 1808 1833
11447 11469 12316
66 77 78
6278 7116 7974
3253 3950 3963
3171 3191 3882
14139 14163 14945
1979 1980 2572
10033 10917 11821
2600 3243 3244
3939 3940 4677
7688 8526 8559
2206 2232 2233
19696 19697 19709
1467 1993 1994
13252 14070 14071
13004 13808 13868
9508 10366 11279
14055 14056 14852
16416 16440 17069
10856 11699 11729
16173 16830 16856
4688 5480 6300
16330 16331 16998
19602 19609 19610
7061 7894 7918
19488 19506 19507
1486 1487 1500
19768 19775 19776
17115 17116 17139
10645 10646 11522
4246 4276 5039
8425 9275 9309
9144 9176 10067
11339 11368 12237
462 463 482
18158 18636 18641
7985 7993 8869
406 738 759
2964 2992 3644
4429 5198 5228
16146 16804 16831
319 320 609
167 404 422
4735 5510 5511
463 482 483
7426 8230 8262
8621 8622 9507
17005 17017 17621
11919 11952 12778
19406 19407 19421
8883 8884 9774
14521 15292 15323
19038 19039 19366
196 212 213
622 630 631
19794 19801 19802
14861 15624 16333
4696 4697 5478
4398 4428 5166
14554 14585 15384
1808 1833 2396
19189 19471 19489
1436 1437 1452
17070 17092 17687
10656 11528 12396
1380 1400 1903
16633 17859 17885
7142 8007 8022
13279 14081 14096
2648 2669 3310
19364 19607 19608
18640 19048 19049
17707 18235 18255
2537 2555 3192
1995 1996 2587
801 1193 1217
1925 2517 3150
780 1171 1194
6897 6956 7782
5468 6285 6286
