  5605   1
 10483   1
 10523   1
 22058   1
 29382   1
 30625   1
 31019   1
 31305   1
 33051   1
 33559   1
 38142   1
 40403   1
 41614   1
 42498   1
 44552   1
 47407   1
 48548   1
 56222   1
 56855   1
114481   1
114498   1
114545   1
114813   1
114825   1
115057   1
115581   1
115722   1
116124   1
116183   1
117348   1
117732   1
118169   1
118464   1
118776   1
119302   1
119392   1
119480   1
119849   1
119961   1
120489   1
120598   1
120947   1
121072   1
121176   1
121576   1
122013   1
122246   1
122310   1
122706   1
123008   1
123127   1
124835   1
124952   1
125165   1
125565   1
125913   1
125976   1
126080   1
126195   1
126226   1
126706   1
126720   1
127128   1
127363   1
127533   1
128638   1
128657   1
128742   1
128925   1
129211   1
130654   1
130827   1
132899   1
133429   1
133442   1
133720   1
134085   1
134333   1
134511   1
134893   1
134911   1
135521   1
135531   1
136171   1
136173   1
136187   1
136318   1
136669   1
136861   1
136880   1
137116   1
137620   1
138723   1
139134   1
139217   1
139701   1
140168   1
140275   1
140498   1
140660   1
140700   1
140904   1
141492   1
141799   1
141807   1
141843   1
141915   1
142278   1
142466   1
142566   1
143627   1
143847   1
143860   1
143970   1
144454   1
144986   1
145124   1
145314   1
145502   1
145672   1
145731   1
146082   1
146460   1
146503   1
146705   1
146727   1
146766   1
147334   1
147410   1
148218   1
148230   1
148509   1
148835   1
149185   1
149938   1
150042   1
150270   1
150388   1
150513   1
151167   1
151425   1
151756   1
151763   1
151837   1
151964   1
152116   1
152218   1
152237   1
152415   1
152456   1
152574   1
152925   1
153367   1
153737   1
153860   1
154003   1
154196   1
154223   1
154359   1
154761   1
154839   1
155074   1
155441   1
155695   1
156432   1
156636   1
156757   1
156817   1
157155   1
157357   1
157360   1
158167   1
158845   1
159336   1
159344   1
159405   1
159562   1
159638   1
159821   1
160093   1
160139   1
160202   1
160501   1
160555   1
160958   1
161171   1
161500   1
161535   1
161992   1
162051   1
162201   1
163271   1
163286   1
164014   1
164026   1
164102   1
164113   1
164722   1
164882   1
164992   1
165043   1
165286   1
165317   1
166098   1
166444   1
166527   1
166528   1
166674   1
166905   1
166984   1
167105   1
167418   1
167536   1
167565   1
167939   1
168596   1
168732   1
168912   1
169431   1
169574   1
169721   1
169756   1
170139   1
170729   1
171789   1
171897   1
172056   1
172175   1
172369   1
172642   1
172776   1
172938   1
172953   1
173489   1
173763   1
173778   1
174036   1
174219   1
174267   1
174371   1
174723   1
174751   1
174856   1
174874   1
175025   1
175391   1
175508   1
175754   1
175769   1
175813   1
176037   1
176161   1
176540   1
176809   1
177059   1
177378   1
177522   1
177527   1
177689   1
177899   1
178565   1
178741   1
178865   1
178936   1
179494   1
179772   1
180076   1
180234   1
180573   1
181128   1
181290   1
181292   1
181304   1
181485   1
181590   1
181702   1
182098   1
182711   1
183482   1
183675   1
184105   1
184193   1
184343   1
184913   1
185293   1
185603   1
185698   1
185905   1
186354   1
186676   1
187299   1
187533   1
187709   1
187835   1
187967   1
188136   1
188230   1
189365   1
189858   1
190459   1
190555   1
190618   1
191014   1
191375   1
191386   1
191395   1
191651   1
192609   1
192856   1
193388   1
193747   1
193778   1
193981   1
194174   1
194404   1
194414   1
195312   1
195320   1
195877   1
195921   1
196058   1
196118   1
196262   1
196279   1
196440   1
196746   1
197077   1
197608   1
198431   1
198705   1
199146   1
199951   1
199976   1
200158   1
202207   1
202911   1
204309   1
204426   1
204431   1
204519   1
204900   1
205211   1
205490   1
205700   1
205833   1
205841   1
205895   1
206059   1
206121   1
206308   1
206601   1
206744   1
207430   1
207466   1
207875   1
208135   1
208161   1
265327   1
265506   1
266063   1
266402   1
267807   1
267875   1
268155   1
268753   1
269717   1
270144   1
270440   1
270926   1
271057   1
271203   1
271957   1
272812   1
273269   1
273337   1
273803   1
274023   1
274335   1
274501   1
274968   1
275492   1
276494   1
276850   1
277095   1
277218   1
277293   1
277584   1
277649   1
278343   1
278398   1
278429   1
278491   1
278498   1
278717   1
279141   1
279262   1
279340   1
280294   1
280397   1
280403   1
280669   1
281202   1
281385   1
281996   1
282122   1
282487   1
282824   1
283162   1
283463   1
283670   1
283862   1
283903   1
284281   1
284912   1
285023   1
285406   1
285684   1
286810   1
287282   1
287390   1
287707   1
287712   1
287943   1
288102   1
288197   1
288351   1
288844   1
288966   1
289911   1
290025   1
291249   1
291411   1
291598   1
292096   1
292113   1
292202   1
292400   1
292616   1
292803   1
293100   1
293145   1
293229   1
293413   1
293630   1
293913   1
293923   1
294289   1
294311   1
294762   1
294851   1
295594   1
295684   1
295714   1
295843   1
296398   1
296833   1
296901   1
297261   1
297440   1
297619   1
297632   1
298797   1
299009   1
299061   1
299209   1
299217   1
299510   1
299830   1
300628   1
300873   1
302170   1
302893   1
303329   1
303342   1
303767   1
303890   1
303962   1
304487   1
304818   1
304962   1
305002   1
305100   1
305527   1
306244   1
306569   1
306675   1
307228   1
307338   1
307527   1
308258   1
308635   1
309046   1
309155   1
309312   1
309469   1
309712   1
310010   1
310141   1
310192   1
310258   1
310270   1
311227   1
311238   1
311604   1
311620   1
312037   1
312091   1
312400   1
312579   1
312872   1
313126   1
313451   1
313823   1
314348   1
314514   1
314618   1
314965   1
316191   1
316273   1
316612   1
317092   1
317119   1
317242   1
317323   1
317597   1
317720   1
317753   1
318298   1
318890   1
318896   1
318916   1
318974   1
319116   1
319170   1
319277   1
319682   1
319758   1
320005   1
320486   1
320686   1
320870   1
321195   1
321263   1
321369   1
321495   1
322106   1
322169   1
322188   1
322224   1
322581   1
323033   1
323266   1
323534   1
323706   1
323780   1
324263   1
324621   1
324629   1
324650   1
325122   1
325296   1
325601   1
325928   1
326180   1
326229   1
326710   1
327166   1
327686   1
327726   1
327882   1
328063   1
329567   1
329677   1
329783   1
329834   1
330919   1
330982   1
331190   1
331420   1
331689   1
331716   1
331855   1
332360   1
332434   1
332545   1
332776   1
333430   1
333736   1
333808   1
334103   1
335002   1
335072   1
335219   1
335343   1
336518   1
336669   1
337420   1
337947   1
338312   1
338704   1
339299   1
340054   1
340270   1
341058   1
341202   1
341836   1
341897   1
342144   1
343172   1
343318   1
343744   1
344214   1
344386   1
344621   1
344643   1
344694   1
345558   1
345775   1
346066   1
346157   1
346483   1
346588   1
346929   1
346943   1
347007   1
347309   1
347565   1
347633   1
347640   1
347917   1
348083   1
348166   1
348309   1
348903   1
349361   1
349439   1
349717   1
350472   1
350668   1
350903   1
351449   1
351706   1
352104   1
352449   1
352598   1
353023   1
353495   1
353758   1
353906   1
354172   1
354665   1
354840   1
354878   1
355276   1
355290   1
356177   1
356320   1
356371   1
356556   1
356932   1
357097   1
357938   1
358226   1
359345   1
416519   1
416562   1
416687   1
417204   1
417527   1
418028   1
418827   1
419688   1
419937   1
420229   1
420459   1
420468   1
420628   1
421166   1
421623   1
421643   1
422137   1
422346   1
422400   1
422503   1
422993   1
423421   1
423502   1
423630   1
424067   1
424262   1
424670   1
424949   1
425242   1
425345   1
425828   1
425935   1
426585   1
426605   1
426704   1
427081   1
427120   1
427147   1
427480   1
427608   1
428154   1
428333   1
428435   1
428593   1
428718   1
428993   1
429829   1
429844   1
430340   1
431299   1
431705   1
431752   1
431767   1
431871   1
432450   1
432722   1
432799   1
433169   1
433597   1
434304   1
434367   1
435286   1
435307   1
435679   1
436019   1
436031   1
436319   1
436687   1
436689   1
437428   1
438311   1
438315   1
438318   1
439550   1
439650   1
439842   1
440354   1
440390   1
440697   1
440941   1
441034   1
441128   1
441141   1
441466   1
442086   1
442095   1
442108   1
442620   1
443063   1
443858   1
444158   1
444232   1
444472   1
444633   1
444903   1
445107   1
445853   1
446176   1
446531   1
446690   1
446834   1
446955   1
447210   1
447791   1
448794   1
449245   1
449374   1
449730   1
449992   1
450103   1
450167   1
450644   1
451583   1
451754   1
452077   1
452433   1
453738   1
454516   1
455214   1
455229   1
455280   1
455358   1
455404   1
455982   1
456334   1
457510   1
457867   1
458013   1
458350   1
458355   1
458610   1
459755   1
460035   1
460153   1
460331   1
460703   1
461604   1
461611   1
461626   1
461978   1
462354   1
462614   1
462703   1
462833   1
463007   1
463820   1
463886   1
464124   1
464326   1
464604   1
464825   1
464907   1
465356   1
465597   1
465807   1
466265   1
466437   1
466540   1
466735   1
466770   1
466782   1
466970   1
466975   1
467183   1
467780   1
467940   1
468791   1
468909   1
468955   1
468990   1
469493   1
470022   1
470091   1
470570   1
470719   1
471086   1
471408   1
471494   1
471967   1
472596   1
472806   1
474114   1
474359   1
475236   1
476622   1
476653   1
476840   1
477885   1
477900   1
477984   1
477986   1
478217   1
478610   1
478881   1
479019   1
479057   1
480246   1
480500   1
480800   1
481133   1
481342   1
481481   1
482015   1
482318   1
483666   1
483903   1
484051   1
484292   1
484751   1
485002   1
485069   1
485157   1
485239   1
485533   1
486051   1
486160   1
486213   1
486250   1
486285   1
486417   1
487053   1
487292   1
487991   1
488013   1
488481   1
488730   1
488893   1
489500   1
489565   1
490109   1
490531   1
490551   1
491084   1
491554   1
491678   1
492064   1
492404   1
492759   1
493059   1
493277   1
493378   1
493534   1
493617   1
494078   1
494275   1
495054   1
495373   1
495375   1
495409   1
495564   1
496205   1
497019   1
497329   1
497487   1
497567   1
497689   1
497753   1
497813   1
497865   1
498136   1
498452   1
498637   1
499340   1
501117   1
501308   1
502002   1
502069   1
502075   1
502390   1
502845   1
503275   1
503582   1
503850   1
503982   1
505203   1
505289   1
505362   1
505559   1
506046   1
506448   1
507067   1
507107   1
507210   1
507318   1
507713   1
508096   1
508426   1
508582   1
509024   1
509141   1
509649   1
510123   1
510148   1
510217   1
510406   1
